Rutas Base
Semana 0
0	0	282	91	187	159	31	135	221	213	194	11	269	157	80	61	192	218	13	323	791	707	857	348	347	92	86	208	111	211	255	124	58	112	121	237	3	5	156	49	346	215	266	193	66	264	301	114	119	104	198	298	199	281	103	59	246	32	370	252	17	34	90	219	99	4	44	19	71	227	140	247	342	381	
1	0	278	531	195	170	404	462	870	625	442	678	433	514	438	532	795	815	440	745	461	475	690	785	572	552	807	421	512	740	540	901	902	908	861	830	881	579	742	768	856	739	508	903	762	670	650	747	413	330	453	437	245	173	220	411	592	700	303	47	9	26	143	250	178	95	108	126	189	324	174	118	482	393	279	204	229	206	239	889	634	917	608	647	698	697	553	535	356	6	296	125	63	36	62	
2	0	809	577	827	503	610	661	569	858	559	542	584	498	361	732	679	705	436	594	589	473	775	787	754	529	702	622	456	848	507	826	879	636	627	756	898	557	623	793	398	333	309	672	677	603	911	796	397	910	781	586	517	784	476	544	832	825	487	495	518	260	591	386	644	651	920	618	704	420	632	794	641	741	724	711	744	378	337	505	391	387	643	364	445	778	
3	0	906	859	788	554	300	912	444	570	773	310	563	801	779	919	719	831	786	808	496	657	789	823	709	555	642	782	887	520	449	548	803	805	335	583	401	629	466	695	703	396	609	738	422	450	545	758	850	415	418	469	682	598	616	733	585	358	513	649	770	385	338	712	877	477	776	359	168	16	77	288	800	561	374	530	480	478	432	891	435	355	458	492	864	611	367	663	752	524	853	541	369	457	718	
4	0	621	55	365	558	841	340	409	668	760	41	316	241	893	878	630	331	882	351	377	134	646	802	750	582	689	319	57	23	209	200	565	797	880	533	619	419	612	537	472	536	730	654	688	158	325	127	15	235	817	847	886	865	160	734	866	875	136	20	285	499	64	774	869	819	680	595	
Semana 1
0	0	380	599	799	633	681	792	465	638	406	659	790	729	772	822	851	725	504	388	321	223	551	653	639	714	737	394	749	666	488	683	812	357	549	617	274	317	493	640	389	425	896	484	600	354	833	838	349	228	313	379	501	416	412	497	658	764	900	460	717	652	873	755	439	464	483	568	727	662	871	289	863	721	590	601	693	722	883	467	
1	0	844	909	291	564	843	360	637	631	613	446	197	190	353	271	270	410	341	327	253	463	618	827	491	892	731	708	624	575	824	581	526	486	607	632	705	701	783	872	424	665	455	602	556	651	403	408	834	474	578	498	345	888	573	273	322	519	699	806	686	767	648	368	763	589	332	431	
2	0	312	664	259	777	628	383	363	580	726	490	710	885	867	311	845	459	402	811	674	516	915	769	759	329	307	559	669	720	443	890	405	515	660	547	620	855	746	743	673	897	728	836	543	521	566	334	842	423	382	780	315	676	343	336	816	366	567	849	820	576	813	456	441	765	577	675	814	667	821	471	470	835	454	656	846	514	362	76	105	82	205	153	196	45	107	225	183	302	
3	0	299	38	48	251	201	238	2	115	22	42	352	326	185	141	277	248	51	35	175	33	122	139	305	284	85	207	203	94	267	102	232	234	184	65	97	177	120	1	130	40	180	163	430	210	53	132	123	148	8	28	24	72	18	39	27	30	145	
4	0	761	626	606	502	605	176	75	645	475	87	244	182	436	671	696	856	12	644	217	829	732	918	37	427	546	429	858	434	399	879	687	60	131	242	216	503	916	625	481	384	736	694	473	452	571	604	534	293	479	650	442	81	154	318	523	294	283	574	692	753	596	426	476	395	784	809	757	597	828	448	587	857	562	584	240	748	528	904	297	29	164	17	898	826	899	588	10	258	
Semana 2
0	0	522	623	840	706	661	468	804	309	586	550	677	603	508	569	771	839	744	525	713	376	544	572	532	852	292	860	854	874	655	848	910	825	440	236	147	371	262	287	372	101	128	54	199	323	89	314	221	129	25	165	421	387	188	347	233	218	230	73	50	46	260	304	280	195	214	11	112	894	786	385	735	730	773	672	741	457	512	832	542	276	453	529	793	738	865	537	494	563	290	797	641	404	485	610	444	633	
1	0	754	815	509	903	636	559	864	386	719	798	702	208	337	920	615	682	278	733	778	789	880	538	751	344	477	700	882	598	711	445	554	614	649	401	328	901	449	489	785	886	310	159	194	31	135	80	186	93	539	370	143	5	4	211	34	263	202	555	782	653	612	681	869	643	663	891	565	887	881	520	697	707	749	551	514	435	737	492	819	802	618	530	803	557	
2	0	166	113	162	13	265	155	109	224	146	181	84	23	106	231	261	133	52	407	330	43	257	742	275	704	808	510	766	295	390	373	796	795	422	400	716	531	807	627	517	339	877	837	461	397	570	787	902	462	428	635	762	593	768	685	560	818	810	552	500	634	913	861	451	868	679	715	723	333	438	611	622	506	775	638	781	876	779	364	548	511	335	495	518	680	859	417	359	536	788	433	908	794	505	533	709	583	
3	0	724	878	361	513	437	282	535	594	116	14	144	226	272	56	268	138	392	264	149	482	191	103	79	86	59	78	212	3	96	90	192	58	150	114	306	678	642	380	830	905	703	320	220	255	124	381	911	579	458	756	712	515	664	870	691	358	413	790	800	914	850	739	740	312	541	585	640	549	496	657	690	897	752	668	527	420	553	179	140	303	171	219	67	246	119	499	279	157	229	95	142	296	281	152	151	
4	0	609	111	907	415	710	774	885	595	632	487	167	425	666	734	456	516	524	110	772	447	414	70	504	298	780	377	355	450	423	61	47	652	360	884	308	507	396	98	497	545	32	
Semana 3
0	0	256	288	126	49	346	249	6	26	215	174	178	198	200	66	254	336	69	91	269	718	777	801	843	919	670	631	896	469	676	617	817	521	646	369	750	912	684	769	842	688	743	698	475	827	873	705	669	851	543	856	629	759	639	313	379	755	845	729	367	764	600	465	791	582	728	714	883	419	558	340	660	799	889	375	847	441	540	758	824	406	443	805	564	432	835	855	717	498	329	
1	0	862	362	809	559	673	606	580	410	634	291	330	196	41	316	326	572	813	833	12	35	430	251	305	238	55	523	875	677	620	603	834	626	878	460	730	315	534	473	440	503	599	439	289	544	575	486	607	865	909	633	359	426	795	537	604	571	
2	0	651	906	770	338	776	747	841	820	893	577	374	402	591	480	466	357	245	170	17	547	621	100	213	21	99	74	235	36	193	48	121	7	760	104	352	285	206	472	68	286	237	209	117	9	300	23	187	232	77	319	266	83	62	350	227	243	391	644	247	185	348	92	15	207	120	351	134	464	826	917	838	721	898	667	720	561	463	478	490	38	172	24	19	184	248	22	197	
3	0	148	168	267	130	222	118	424	476	693	722	836	442	321	659	701	573	57	239	115	228	137	127	1	169	82	139	567	761	811	125	20	2	204	342	271	277	16	190	53	484	366	393	183	51	105	108	10	97	744	581	858	611	863	890	536	405	680	363	532	533	586	623	493	378	448	568	742	309	570	814	471	40	189	225	13	234	345	299	217	28	94	45	244	322	283	765	562	708	704	
Semana 4
0	0	258	807	762	481	457	628	689	825	548	797	515	535	806	910	768	853	461	550	779	671	514	385	353	871	513	468	27	783	446	387	434	297	382	569	699	583	343	709	587	618	462	76	467	408	364	753	786	574	368	389	738	397	788	852	141	39	915	323	384	376	30	284	60	456	651	787	528	748	109	531	828	360	395	302	458	518	649	637	840	706	648	257	892	452	262	652	479	112	131	90	700	869	710	577	
1	0	195	541	381	401	737	681	837	551	84	766	789	427	703	512	113	270	260	495	719	23	724	497	221	453	781	839	477	556	653	106	43	17	240	682	273	407	312	733	180	347	444	763	433	794	692	598	333	373	428	749	655	780	642	128	622	218	679	741	685	712	903	775	475	856	885	516	800	820	612	860	425	449	
2	0	398	563	88	72	265	505	790	64	437	687	886	882	526	773	664	829	394	859	746	307	897	431	332	517	525	421	380	123	736	694	44	861	576	75	107	241	796	522	848	411	804	552	904	632	160	880	771	864	8	65	242	627	640	87	318	438	132	549	274	482	429	349	757	908	163	102	18	294	335	902	327	203	182	199	173	252	661	176	216	566	
3	0	668	616	201	166	220	597	565	337	336	455	554	356	666	400	850	560	399	404	672	585	223	11	818	631	372	361	114	145	3	546	287	504	647	50	496	435	162	492	58	4	279	542	650	636	785	547	229	683	413	156	735	233	116	521	304	140	226	303	530	713	506	34	214	739	702	520	370	392	81	133	255	192	124	54	95	723	524	357	610	498	873	716	887	842	754	596	638	500	894	644	402	
4	0	37	280	595	782	734	555	296	711	657	188	208	282	579	451	678	697	529	86	33	916	901	920	155	802	819	772	594	774	676	236	386	314	143	793	868	891	827	810	553	85	224	25	705	843	830	231	663	635	445	510	310	918	815	832	499	752	317	264	592	641	59	103	778	154	358	423	
Semana 5
0	0	675	608	290	743	545	377	415	755	870	913	911	543	769	617	874	777	803	826	669	835	883	898	643	589	764	690	485	877	731	396	292	759	417	798	494	665	881	615	784	491	808	476	593	728	845	841	821	857	872	893	508	450	686	611	276	463	369	878	914	515	844	501	416	760	412	618	573	466	424	354	454	632	899	732	691	879	767	865	721	846	469	744	849	537	359	419	502	919	747	367	897	847	822	
1	0	720	809	696	558	340	586	816	614	838	858	624	693	722	578	535	319	623	440	293	912	629	334	548	456	309	654	651	507	513	335	677	385	603	380	490	215	267	186	71	93	183	62	10	66	13	271	77	12	248	199	523	549	726	902	448	534	591	362	503	768	758	664	709	864	825	387	360	527	461	658	196	228	351	193	907	886	790	497	483	856	662	581	805	738	475	882	786	339	601	861	910	104	695	300	
2	0	42	144	390	278	371	79	5	261	200	52	268	210	325	246	146	194	288	80	211	6	56	119	48	281	352	159	232	31	235	135	165	32	126	174	149	47	73	205	24	36	26	46	178	285	147	181	191	120	253	197	111	138	202	157	207	487	298	148	320	177	209	185	245	96	167	61	110	105	22	190	1	78	9	38	134	306	366	
3	0	559	824	896	740	609	219	441	313	379	422	355	756	442	420	564	509	536	660	625	600	717	436	680	634	639	770	817	338	718	776	533	295	621	341	851	725	514	489	374	480	443	646	750	855	667	714	730	727	688	876	729	656	590	329	330	470	707	633	605	584	645	905	519	465	464	472	474	572	761	
4	0	906	701	538	570	588	698	799	403	582	539	742	406	532	557	797	457	801	888	488	511	82	23	206	17	184	198	122	99	130	150	49	151	175	129	346	854	670	388	606	567	836	311	640	544	459	630	889	795	762	331	674	602	807	812	880	583	613	432	473	779	751	619	704	15	67	170	
Semana 6
0	0	308	259	312	364	365	216	269	227	164	283	225	247	344	142	153	101	91	244	345	569	324	256	213	540	638	258	438	559	516	563	525	736	694	522	710	885	458	434	575	681	804	866	705	598	568	791	908	649	745	684	890	405	771	650	792	827	444	580	869	843	852	703	453	40	125	75	152	35	18	107	27	14	92	90	16	94	43	220	60	342	368	251	7	106	112	98	103	218	59	163	87	69	393	171	109	272	68	203	
1	0	53	263	321	217	139	121	179	115	136	277	237	70	57	97	176	168	2	391	45	182	127	29	266	74	20	63	430	212	323	89	51	118	28	19	297	161	239	328	249	541	305	765	676	326	347	381	363	234	327	301	242	348	260	204	187	353	221	265	407	318	741	536	547	446	238	76	41	316	429	408	428	402	350	195	515	641	679	875	
2	0	410	661	626	418	811	653	780	604	900	571	552	421	409	481	383	426	715	859	659	462	482	788	813	917	796	823	561	468	867	478	834	291	820	562	652	517	550	773	577	848	749	294	437	682	733	863	423	551	814	673	471	737	477	397	831	336	505	484	250	322	425	486	607	627	315	671	719	631	708	833	806	612	460	789	666	644	642	587	712	439	289	499	668	376	401	620	800	753	574	433	794	909	724	787	
3	0	565	699	904	781	493	700	752	783	358	512	495	518	877	384	449	514	332	431	531	333	422	498	903	275	687	850	772	663	829	585	566	778	774	504	622	808	824	618	553	521	576	554	680	826	819	802	611	898	891	871	632	533	414	842	310	337	373	839	873	634	589	382	
4	0	264	102	442	734	343	815	23	128	445	123	775	757	837	784	143	299	508	599	441	476	832	655	83	595	697	730	685	835	257	108	766	435	296	755	55	404	830	357	492	857	731	447	262	8	743	884	878	100	528	748	240	625	896	883	633	467	84	628	543	828	672	279	39	17	229	657	496	865	769	764	692	491	669	530	114	30	395	782	555	526	113	706	840	375	379	313	665	
Semana 7
0	0	243	11	4	3	140	72	86	95	158	34	65	131	58	25	166	117	282	232	200	24	50	124	424	443	475	513	590	360	236	844	454	474	588	335	226	288	287	6	173	235	304	197	214	233	246	120	155	252	148	5	169	82	64	126	21	207	199	174	36	13	119	44	177	281	162	411	387	211	32	183	47	54	
1	0	744	739	717	378	372	154	284	219	241	255	231	352	280	222	141	48	894	855	893	702	385	761	597	735	549	470	274	548	643	870	851	846	892	817	416	412	880	586	610	701	440	464	638	637	718	450	721	809	500	621	623	918	858	888	770	729	309	354	290	864	688	374	420	756	807	709	820	369	882	916	577	578	902	653	455	768	704	312	624	652	738	862	816	716	485	546	473	472	606	786	
2	0	370	389	572	818	810	879	636	648	510	868	660	584	667	853	732	915	803	742	605	645	600	355	656	542	899	640	535	380	573	532	314	519	740	396	856	767	639	754	394	727	841	451	160	188	270	180	116	192	137	224	399	349	392	501	329	690	849	911	664	497	714	559	403	502	583	881	338	646	696	750	776	506	780	762	677	603	779	790	480	795	886	544	285	278	465	760	723	144	
3	0	463	415	635	545	529	479	457	359	570	845	609	556	208	400	594	785	728	746	797	361	689	302	520	132	887	456	711	307	377	763	427	560	330	189	759	413	860	793	651	452	678	303	897	777	273	920	564	524	537	821	579	386	286	872	254	901	686	617	436	
4	0	461	194	10	79	26	80	720	825	713	693	722	523	185	749	615	488	650	145	172	423	514	534	336	913	861	466	503	184	406	448	705	482	130	268	469	494	334	838	602	822	567	364	582	910	551	37	509	419	516	737	859	417	271	552	698	421	827	788	847	596	267	710	885	644	773	425	81	23	135	31	159	209	122	133	799	12	178	798	
