39 15 10.83997562395652 0.0801592507564253 50.54 0.019063638912251192 50.71 67.1015922497093 0.07091572674291861
428 105 12.240961103787107 0.09250809552671813 50.71 0.040405237627002835 51.34844575592216 66.96213502469533 0.08488109871949659
2 1 10.814135880553087 0.07303349914409216 51.34844575592216 0.04969175185842651 51.398137507780255 66.82035645491655 0.06494640371684007
362 86 10.276817047124297 0.06738598770883926 51.398137507780255 0.052169382639886644 51.45030689041986 66.5891202642424 0.05931236989274572
382 95 11.94673519188574 0.08430446082843765 51.45030689041986 0.022239694728250037 51.472546585147796 66.51684857152506 0.0770877874913977
276 59 11.408898206931504 0.07731079145629667 51.472546585147796 0.02745341485250377 51.5 66.48658030962812 0.06992876816863346
233 49 10.862117402199235 0.07119235959338593 51.5 0.032039416761298845 51.569897860997905 66.45824277075803 0.06366650679012739
24 9 11.793672719403638 0.08028924252663536 51.569897860997905 0.0420091230287218 51.61190698402641 66.35389494768611 0.07330823866328612
17 6 11.957981982762266 0.08181571585202352 51.61190698402641 0.021996673895222755 51.63390365792149 66.27625849011972 0.07498915651023208
483 121 11.517777637945395 0.07582989061358836 51.63390365792149 0.04884710301186032 51.68275076093321 66.15218235989838 0.06897824887566348
456 114 4.831784512339847 0.15964207677233794 51.68275076093321 0.027249239066893492 51.71 66.10865951194002 0.12240670561835075
807 192 12.258566733702596 0.07815927505283327 51.71 0.0333222215244639 52.33344071697663 66.03863477519889 0.07235687269560735
628 153 12.603559416979577 0.08131164188988096 52.33344071697663 0.031504348562239305 52.36494506553881 65.86400860214157 0.07577800542964022
823 196 5.0475108595611005 0.13574758031995454 52.36494506553881 0.03933471407472851 52.404279779613496 65.84455940116038 0.10553194582138212
634 156 13.430444563954158 0.0919507721440325 52.404279779613496 0.028129596357126974 52.43240937597058 65.79455387118159 0.08677015845673873
588 148 5.001075936285352 0.1286793421490276 52.43240937597058 0.03007873845547421 52.46248811442601 65.63525632545827 0.09964956542502951
450 112 11.775257805628154 0.07085893600075162 52.46248811442601 0.037511885574047894 52.5 65.62746612596575 0.06535628254452833
394 97 11.888423661352103 0.07121173922542512 52.5 0.029540285970383308 52.54465652743164 65.48394624739824 0.06589406172761665
468 117 13.370775468278696 0.08749127686818506 52.54465652743164 0.030149506012986275 52.57480603344456 65.39527000466067 0.08269284647249715
375 92 15.315484259314758 0.1291623142931792 52.57480603344456 0.03474201061166976 52.60954804405616 65.28890766907094 0.12493188265867003
438 108 12.055874872783551 0.07162493563845128 52.60954804405616 0.02567374614828991 52.63522179020438 65.29150438709974 0.06657878134595899
26 11 12.634597055092039 0.07733674586501814 52.63522179020438 0.0522088834752809 52.68743067367959 65.41446886255707 0.0724253757402317
15 5 12.801274172087755 0.07875792231742781 52.68743067367959 0.02256932632046232 52.71 65.34134064853706 0.07396219124357822
56 18 11.372673171662937 0.06238620191248923 52.71 0.02975679027616859 53.340800327890825 65.26739417478976 0.05777579234147302
25 10 13.931367913820853 0.08560364626912348 53.340800327890825 0.029348105250040963 53.370148433140756 65.08128482836482 0.08176351554225654
112 28 12.982984322086349 0.07419513328620625 53.370148433140756 0.0347184064217768 53.404866839562445 64.9729126050778 0.07024171533603331
125 35 14.588397756081754 0.09386841175003117 53.404866839562445 0.029662733674156557 53.43452957323653 64.925612150207 0.09029460028553929
9 4 11.493234228730957 0.061960500432114735 53.43452957323653 0.036719594351733005 53.471249167588205 64.90455809725319 0.057733716344375616
37 14 13.283999587262564 0.07601108974435924 53.471249167588205 0.028750832411834952 53.5 64.7961037873583 0.0723001291728263
61 19 13.347939321052245 0.0762305949016681 53.5 0.02435274942385301 53.54671899624735 64.76537808172552 0.07258518308578579
5 2 13.515113359841369 0.07740521260273789 53.54671899624735 0.031508793164921375 53.57822778941216 64.65315967542327 0.07388028827296991
106 27 13.799652996366508 0.08047484671484235 53.57822778941216 0.03332846757831602 53.61155625699039 64.72255294352672 0.07698850191113073
320 74 13.347345724433012 0.07539017148036421 53.61155625699039 0.03221519985136018 53.64377145684168 64.72350664493615 0.0718368136629182
505 127 11.820355685871101 0.06279421739021025 53.64377145684168 0.02910689328146506 53.672878350123085 64.68630854210096 0.05894756822207382
210 44 12.978378807941255 0.07117323825467356 53.672878350123085 0.03712164987695574 53.71 64.59437587469382 0.06765942969784386
279 61 13.448341430714192 0.07132189375522512 53.71 0.02900154073196902 54.33374858716658 64.5645599962802 0.06833638077874676
277 60 12.772980054429683 0.06562081648405516 54.33374858716658 0.022465466473380945 54.35621405363987 64.4418337980826 0.0625910864975761
650 160 6.727746250847791 0.1148704562034197 54.35621405363987 0.04853271416153209 54.40474676780133 64.30920848275723 0.10253700150191132
857 205 13.567301938939838 0.07101583332912056 54.40474676780133 0.037581910446759945 54.44232867824803 64.25871235526151 0.06827355858645662
837 202 13.60784991727663 0.07086777355125662 54.44232867824803 0.037952716550976234 54.480281394798936 64.13389560652325 0.06821652120894403
157 39 21.2685112340533 0.02110762472991226 54.480281394798936 0.07071675218612816 54.55099814698501 64.11082801894794 0.020711713618783975
35 13 15.962871227535405 0.09732616265670055 54.55099814698501 0.03261203841510416 54.583610185400055 63.982249042839406 0.09510956313773812
98 26 12.736702724102901 0.06326189785827072 54.583610185400055 0.028499053735269626 54.612109239135265 63.88098525619772 0.0606788684747991
96 25 13.868153614837324 0.07160198145320569 54.612109239135265 0.021675240667507693 54.63378447980271 63.86847238146982 0.06920398181080588
256 56 14.970348707327087 0.08188245434142802 54.63378447980271 0.03737996027814363 54.67116444008079 63.73685715942209 0.07970355001987967
86 24 13.771329038520943 0.06999272945932897 54.67116444008079 0.03883555991928812 54.71 63.68937219434592 0.0677077468741355
299 67 11.716974856783365 0.05456837107841031 54.71 0.03436338171343606 55.34070759589378 63.51417314292388 0.05242192377751327
227 48 15.671063717981852 0.08334763470937195 55.34070759589378 0.02444337677278663 55.3651509726665 63.48396456896489 0.08167324776264544
280 62 14.56006237042616 0.07217311482144798 55.3651509726665 0.026970008815005195 55.39212098148142 63.48086820564449 0.07040870602613788
281 63 14.6932669567197 0.07307199530369668 55.39212098148142 0.023707912331665477 55.415828893812986 63.430248358854556 0.0713512323608681
682 165 16.127156129550094 0.08753155792987025 55.415828893812986 0.05649722344921869 55.47232611726209 63.3674599479411 0.08598424213676442
826 199 14.895665389054606 0.0741186543998715 55.47232611726209 0.02767388273801985 55.5 63.326933095264 0.07249379965598604
903 219 13.909912179749917 0.0659660197027555 55.5 0.02435597827795893 55.54096471966358 63.238261002284446 0.06429760989422958
404 100 13.729092278619145 0.06454012390951508 55.54096471966358 0.047978624886477965 55.58894334454995 63.2554415571893 0.0628727932655812
548 139 8.322162383063134 0.12084370891542301 55.58894334454995 0.030070252527340243 55.61901359707722 63.238160447058576 0.11485346476027698
640 157 16.068758847145645 0.08454076279011605 55.61901359707722 0.025380743733886643 55.64439434081102 63.135435138366034 0.08313976554178548
751 179 14.800480511829443 0.07181858153227491 55.64439434081102 0.031772329672271026 55.676166670483234 63.111257904571616 0.07034140119557217
532 134 9.151359853190252 0.14352336188959447 55.676166670483234 0.03383332951681024 55.71000000000004 63.00682981718978 0.13858321304572666
