508 118 11.608788229892992 0.0852807347633522 35.33 0.028595458368376785 35.358595458368306 35.02159341269179 0.08527084216980613
611 152 10.592724492166166 0.08179007695219717 35.358595458368306 0.03172097086405493 35.390316429232335 35.081562971011365 0.08178027053881248
610 151 19.397605395813503 0.04277759692353847 35.390316429232335 0.022158709727496145 35.414169734362154 35.110000000001584 0.04277617324245504
664 165 11.633131189808331 0.0850136063830322 35.414169734362154 0.024230388467975063 35.43840012283013 35.20158723108061 0.08500879889633893
577 142 11.119314885810812 0.08319577704179876 35.43840012283013 0.03171478925283999 35.472182305621374 35.261572483402915 0.08319163707597231
549 134 11.241379806849139 0.08332958119280084 35.472182305621374 0.04123186103126717 35.54231193864353 35.40157085678463 0.0833277861334433
866 209 24.235433374145817 0.048962033359525196 35.54231193864353 0.04301745056098183 35.58532938920447 35.39000000000153 0.04896163615457669
906 222 21.057098649618645 0.044515661450599604 35.58532938920447 0.026746440313897148 35.61207582951832 35.44000000000152 0.04451526238843915
620 155 23.421932657191704 0.047678946831723745 35.61207582951832 0.03320694819872673 35.645282777717 35.500000000001506 0.04767872737108279
439 95 21.943875960539856 0.0455645872739221 35.645282777717 0.030891449334233004 35.67617422705119 35.57000000000149 0.04556449804940641
615 153 23.888698264071238 0.04816830015068059 35.67617422705119 0.03382577294886597 35.71 35.58000000000149 0.04816812039718031
890 217 22.18754785282369 0.04529013322400419 35.71 0.03149603408751773 36.329999999999956 35.60000000000149 0.045283888950255195
889 216 20.79880895852343 0.04338144912763637 36.329999999999956 0.024883104324243885 36.354883104324166 35.62000000000148 0.043374037895779205
798 192 24.2490261895097 0.04789540265313128 36.354883104324166 0.023646926558083772 36.37853003088222 35.710000000001465 0.04789074933962238
747 182 23.337801133783177 0.04662440240749384 36.37853003088222 0.02314919351145727 36.401679224393526 35.73000000000146 0.046619377288306195
652 162 11.883818023899881 0.08326757242894875 36.401679224393526 0.029676755776744685 36.431355980170274 35.72156383691559 0.08322542145849748
659 164 21.08012631346358 0.04353882963304181 36.431355980170274 0.03049991765572968 36.461855897826005 35.75000000000146 0.04353482310628166
395 86 22.371219949506877 0.0451301907586607 36.461855897826005 0.033182099765115214 36.49503799759112 35.860000000001435 0.0451256693032776
748 183 22.118150326468935 0.04464030550309744 36.49503799759112 0.04215439947378308 36.5399999999999 35.95000000000142 0.044636011377990066
886 215 12.343025939921372 0.08416683227993438 36.5399999999999 0.02486640686638634 36.56486640686629 35.961564025231155 0.08413905574749989
451 98 22.37695784139918 0.044785117054151426 36.56486640686629 0.03824470927935332 36.60311111614564 36.09000000000139 0.04478194963214026
580 143 23.44417418329379 0.04613631565448227 36.60311111614564 0.02963476000541885 36.63274587615103 36.13000000000138 0.04613367834484801
566 138 24.63949038223104 0.047703014741525426 36.63274587615103 0.02608911592387939 36.65883499207491 36.14000000000138 0.047700376343838835
510 120 21.79701046860955 0.043827868001488024 36.65883499207491 0.02433352946843331 36.683168521543344 36.22000000000136 0.04382519783535499
807 194 13.412263355369792 0.08546454160564718 36.683168521543344 0.03139945267663168 37.33 36.341561485575184 0.08540261600475035
827 198 12.145703386337004 0.08159252029332391 37.33 0.02394444043914089 37.35394444043912 36.40153610408903 0.08152006460291408
758 185 23.10784074716498 0.044739019023078336 37.35394444043912 0.02868496868103395 37.38262940912012 36.460000000001315 0.04473007430696382
535 130 12.405375644595058 0.08214342932844161 37.38262940912012 0.030226881259209627 37.412856290379295 36.561537666386286 0.0820885021171103
707 173 20.103765935713938 0.03963541781026268 37.412856290379295 0.038814089150407474 37.451670379529666 36.64000000000128 0.0396314770722398
670 166 24.416404802540562 0.04608449695675468 37.451670379529666 0.028287301580794712 37.47995768111046 36.710000000001266 0.04607860680486441
425 92 12.81229461368636 0.08293662012631511 37.47995768111046 0.03740306912363876 37.54 36.74153914238919 0.08289186698562978
111 24 24.44035881672353 0.046073540202306904 37.54 0.047155907177390294 37.58715590717718 36.65000000000128 0.0460646865641097
2 1 23.149554576407173 0.044380630368940695 37.58715590717718 0.03502014457820049 37.62217605175536 36.68000000000127 0.04437157407183691
99 21 21.62132668990619 0.042328129900964205 37.62217605175536 0.0320047253420525 37.66910784109946 36.720000000001264 0.042316937593378456
365 83 21.021336419663257 0.04146521083839921 37.66910784109946 0.04089215890067478 37.710000000000136 36.80000000000125 0.04145451551478639
576 141 23.747329379997137 0.04440698957384284 37.710000000000136 0.027168085953097193 38.32999999999994 36.85000000000124 0.044384595226153845
695 172 24.989309040582235 0.04590533025779537 38.32999999999994 0.03259981893768332 38.36259981893759 36.870000000001234 0.04588380160697607
597 149 26.43860127306493 0.047667760620419816 38.36259981893759 0.027865967905050124 38.3904657868426 36.910000000001226 0.04764861429647335
749 184 13.110982010533895 0.08191893708075693 38.3904657868426 0.03087916605978094 38.42134495290234 36.98152649739225 0.0817749890665168
784 189 13.01128323950692 0.08156293116091093 38.42134495290234 0.03165405556421051 38.452999008466506 37.00152359388058 0.0814141946595725
843 204 12.911470289601604 0.08107744086752634 38.452999008466506 0.034629845632562224 38.48762885409907 37.12151748426099 0.08094473344918568
902 219 13.894120502524588 0.08375798353703766 38.48762885409907 0.025091916556833294 38.53999999999995 37.16153402638123 0.08364335037535704
681 169 13.646328974475763 0.08298203782978705 38.53999999999995 0.03106584583714765 38.571065845837055 37.16152950459184 0.08285660867315583
885 214 13.236420655969082 0.08162900476742513 38.571065845837055 0.031061324047763482 38.602127169884774 37.341517852698345 0.08152301422990554
423 91 12.60233095815455 0.07958396107769826 38.602127169884774 0.05428348207854285 38.65641065196328 37.44149905998556 0.07947576476428742
506 116 21.97334671755874 0.04122061528707344 38.65641065196328 0.0286479245774076 38.685058576540676 37.5400000000011 0.04120516856994327
500 115 22.93787124845283 0.0419012616756073 38.685058576540676 0.026562573166224818 39.32999999999995 37.58000000000109 0.04186713249326532
418 90 24.76797366567641 0.04411897396752614 39.32999999999995 0.0253877015442494 39.355387701544146 37.59000000000109 0.044089574129880245
586 146 14.257553706394049 0.08276398677516314 39.355387701544146 0.027226819670792587 39.38261452121489 37.62151776580933 0.08258419739168193
792 191 24.92362670658003 0.044192361040503836 39.38261452121489 0.03224106269719118 39.41485558391203 37.670000000001075 0.04416408557861719
857 206 13.48056695604252 0.08043732308092581 39.41485558391203 0.02544094470280317 39.44029652861478 37.74150005549275 0.0802486265458694
864 208 13.566830528345683 0.08054550945655327 39.44029652861478 0.035797784676638245 39.47609431329137 37.78149977473755 0.08036055412762848
632 158 9.562852794026158 0.11327037949601185 39.47609431329137 0.032223071625386526 39.53999999999994 37.7840184668308 0.1126644483740025
514 122 9.32182745254578 0.1121099709831897 39.53999999999994 0.035711223883915386 39.5757112238838 37.844013586786765 0.11148843614427711
691 171 26.959144526826634 0.046237515796643654 39.5757112238838 0.03273009028185967 39.60844131416555 37.93000000000102 0.04621419128108071
805 193 24.04102248980302 0.04262500004622321 39.60844131416555 0.025481914059645602 39.633923228225136 37.98000000000101 0.0425970459115963
723 177 25.558469452253007 0.0444371053218606 39.633923228225136 0.03433945038505766 39.66826267861018 37.99000000000101 0.04441190327634249
676 167 13.442810614633395 0.07960966752737006 39.66826267861018 0.024848480983731266 39.69311115959391 38.02148790330815 0.0794274826874192
