330 78 10.532396019859835 0.08024837543674705 35.33 0.010127558172133445 35.36878576015962 37.72149675603367 0.0797896684835608
94 20 22.560751765792993 0.044609235180307766 35.36878576015962 0.04651778210570774 35.41530354226533 37.61000000000109 0.044556876877940216
224 50 23.09406896580539 0.04541232091339163 35.41530354226533 0.028428603158276017 35.4437321454236 37.48000000000111 0.04536873090803821
135 33 22.021319965509402 0.04401409574468347 35.4437321454236 0.02844660719533344 35.47217875261894 37.370000000001134 0.04397356603536211
66 15 23.652603057137352 0.04624727959856795 35.47217875261894 0.02782124738106455 35.5 37.33000000000114 0.046213595886546714
287 66 21.83048244105535 0.04376223334831121 35.5 0.04335835329230575 35.575641273900466 37.270000000001154 0.043729225827848384
479 106 20.044603335034402 0.04128229311677782 35.575641273900466 0.043901337998524 35.61954261189899 37.35000000000114 0.04124331322672718
835 202 11.555748700378501 0.08297197463125824 35.61954261189899 0.03371317096896643 35.65325578286765 37.26152699948259 0.08278390769230216
898 218 10.98152357703437 0.08106808964227324 35.65325578286765 0.02331421563039004 35.67656999849775 37.201515227182625 0.08087836143906663
532 128 11.551742495104845 0.08287863990304399 35.67656999849775 0.03343000150256796 35.709999999999994 37.141529578668305 0.08272708041135932
487 109 23.167834666266366 0.045076188229924694 35.709999999999994 0.03344435298825856 36.33499400036924 37.070000000001194 0.04507018534249381
166 42 22.41715389736099 0.04396927437514374 36.33499400036924 0.042740777000960406 36.3777347773702 37.13000000000118 0.04396289362593565
198 46 18.561247534177284 0.03911416150252645 36.3777347773702 0.02901394876788258 36.40674872613808 36.99000000000121 0.03910912453344058
234 54 22.08005905554728 0.04366179759548285 36.40674872613808 0.027103982633048432 36.433852708771134 36.960000000001216 0.043658565343691835
127 30 23.733401478668306 0.04581355439063429 36.433852708771134 0.030199804707954293 36.46405251347909 36.970000000001214 0.045810754713991805
17 4 4.52323093082296 0.17605588907883543 36.46405251347909 0.03382109502883243 36.4978736085069 36.9406013450667 0.17584311523773247
273 63 24.192385974224376 0.04643187756248704 36.4978736085069 0.06018187537531272 36.558055483882214 36.870000000001234 0.046430860582944294
489 110 24.67934814407901 0.047236251438212536 36.558055483882214 0.03681313897849868 36.594868622860716 36.69000000000127 0.04723614337563184
136 34 22.88334527148975 0.04504787424346347 36.594868622860716 0.05589418343302572 36.65076280629337 36.45000000000132 0.045047506664664005
278 65 21.594414364190364 0.04332801551836524 36.65076280629337 0.029638159696596483 36.68040096598926 36.44000000000132 0.04332730037755329
236 55 23.887884933823436 0.04655808859539414 36.68040096598926 0.0295990340107465 36.71 36.24000000000136 0.04655586246782041
233 53 24.402760757833303 0.04671282952433756 36.71 0.03145896249796079 37.33 36.22000000000136 0.04670018887324203
35 9 25.11738667040089 0.04774851857965438 37.33 0.03801518460655097 37.36801518460646 36.08000000000139 0.04773210966695185
31 8 24.74273662780769 0.04727797389020558 37.36801518460646 0.023738700252219712 37.39175388485866 36.0400000000014 0.04725935608865438
231 52 24.679881456260276 0.047358364668033684 37.39175388485866 0.03802751969430945 37.42978140455295 35.88000000000143 0.0473336451486058
305 71 24.305553480500176 0.04684753875180045 37.42978140455295 0.027902954564707275 37.457684359117636 35.88000000000143 0.04682122592042047
427 93 24.641866100166496 0.04718970571977469 37.457684359117636 0.03802022838142873 37.53999999999997 35.89000000000143 0.047161358242537275
405 88 21.94599912827207 0.04371527643073588 37.53999999999997 0.021941958782658446 37.56194195878208 35.85000000000144 0.04367782556665104
446 97 24.591134164949846 0.0472039278255551 37.56194195878208 0.026036150960073324 37.5879781097416 35.78000000000145 0.04716963719776282
159 39 25.088350623393936 0.047820140612013486 37.5879781097416 0.03624063736148099 37.624218747102525 35.79000000000145 0.0477860629860302
359 81 12.846054175072354 0.08381663173756988 37.624218747102525 0.04161453207047131 37.66583327917296 35.741565186836 0.08353089203575209
157 38 26.10402668877981 0.04919074627862787 37.66583327917296 0.040033087032262285 37.70586636620519 35.67000000000147 0.04915162298207966
79 18 25.623086837977766 0.048066564371074115 37.70586636620519 0.03151331849728255 38.33 35.65000000000148 0.04799491175553602
77 17 21.873692533207358 0.04332358536537246 38.33 0.022555955376166302 38.352555955376154 35.610000000001484 0.04322445299361749
80 19 24.6565516760096 0.04691814866107663 38.352555955376154 0.023047736070969677 38.37560369144712 35.5400000000015 0.046831597128398066
298 67 24.833957987124677 0.04711042543224699 38.37560369144712 0.038022819849197184 38.41362651129631 35.5400000000015 0.047021984974509184
526 126 26.3593293313956 0.049053229185812425 38.41362651129631 0.030877943785262155 38.444504455081564 35.5200000000015 0.048971804631369284
485 108 25.83182168963252 0.04839948576040282 38.444504455081564 0.02317106057899644 38.46767551566025 35.49000000000151 0.048311242442020765
460 101 24.038562454160484 0.04620229440735702 38.46767551566025 0.02673348997725056 38.49440900563747 35.410000000001524 0.04609411458747836
917 226 26.30826592745514 0.04915323574793788 38.49440900563747 0.0433702335987034 38.5399999999999 35.32000000000154 0.049052392703294756
833 201 25.56781849547844 0.048226163394173766 38.5399999999999 0.029131949691323482 38.569131949691226 35.28000000000155 0.04811420411739217
828 199 24.704560838487232 0.04717914873713733 38.569131949691226 0.026135880549501677 38.59526783024073 35.23000000000156 0.047054990648065884
528 127 24.67286847126779 0.04708189604947006 38.59526783024073 0.030285421876326 38.62555325211706 35.250000000001556 0.04695574610743564
115 25 24.23729413571232 0.04653789458431297 38.62555325211706 0.051729812582948856 38.67728306469956 35.210000000001564 0.0464016775133803
484 107 24.963605168844005 0.04711587736999711 38.67728306469956 0.03801629056069495 39.32999999999984 35.08000000000159 0.046914685678763765
314 74 25.592749439460597 0.047894755083119134 39.32999999999984 0.029092147670481162 39.35909214767032 35.060000000001594 0.04769817977375083
