739 184 6.855620429946376 0.12453003339713661 56.5 0.017872161480235495 57.63139533221953 70.05288886247332 0.10764048868205017
160 46 20.388402246833238 0.01841215565826504 57.63139533221953 0.05440363877960228 57.68579897099912 70.08821847368222 0.01784239297824267
110 30 14.459247804447523 0.07202199195072967 57.68579897099912 0.02420102900089212 57.71 70.24942749547648 0.06840613325106923
230 62 15.088977331241992 0.07354827924214917 57.71 0.027834320060915907 58.34628105927391 70.26564410184453 0.07041814646262594
237 64 13.180752879280204 0.05924716924322025 58.34628105927391 0.023714676596719948 58.36999573587062 70.3134809392913 0.0557753864866478
93 24 14.621235843261065 0.06918775973131702 58.36999573587062 0.03287754790665589 58.40287328377726 70.33355689787015 0.06598363987088392
460 103 6.45104370645667 0.10188861772512883 58.40287328377726 0.04385835705279548 58.44673164082966 70.32431488351433 0.08629940563575961
27 5 17.70075341956661 0.11138608472305928 58.44673164082966 0.05326835917033631 58.5 70.44529895236451 0.10859447791852019
435 97 7.206436782406056 0.11875787208261604 58.5 0.05684191509686677 58.57970774368204 70.48274011169471 0.10430255253044148
167 48 14.149282699295071 0.0648058049820166 58.57970774368204 0.03883089781755043 58.61853864149834 70.56946373976163 0.061531166891134234
214 59 14.314841120195487 0.0659834970679657 58.61853864149834 0.028853119378637014 58.647391760875585 70.62624175155105 0.06273110979228519
301 74 14.687244615840001 0.06895970832750928 58.647391760875585 0.03126618432054038 58.67865794519478 70.73095052679352 0.06573870922916233
388 84 11.83867050382013 0.05195796106343875 58.67865794519478 0.03134205480643255 58.71 70.8498644965091 0.04813362200534395
424 95 7.864385543238853 0.1276655247501466 58.71 0.026131181256963395 59.34763720098013 70.9422546669164 0.11518068146881343
391 87 17.311729261656893 0.09367711783912522 59.34763720098013 0.02957398647848375 59.37721118745709 70.94216367281774 0.09109731576079476
408 92 16.227509317016846 0.07930817643561947 59.37721118745709 0.023637955044443406 59.400849142500014 71.00185427511084 0.076583223030262
389 85 12.764211349491475 0.05406179440612162 59.400849142500014 0.02208268609672696 59.42293182859527 71.02744474295972 0.05079919024646219
645 159 14.465005010934481 0.06337940988511619 59.42293182859527 0.05002873307122355 59.47296056166511 70.93428678481376 0.060473097037249235
795 200 15.791342133374616 0.0741532265177728 59.47296056166511 0.02703943833618288 59.5 71.03405601117066 0.07141099956454952
662 161 7.484543176141028 0.11343051311021177 59.5 0.027314633582283393 59.54905721358022 71.07358923289725 0.10068817566010346
728 178 7.506484488098713 0.11357879641827076 59.54905721358022 0.02563450395524033 59.57469171753246 71.08231488581097 0.10090796427491455
582 139 7.8521756438000665 0.12344941804770501 59.57469171753246 0.03100158127117029 59.60569329880062 71.126446626204 0.1112027348695859
614 152 15.886649920479607 0.07460914620676133 59.60569329880062 0.025303841630338123 59.6309971404281 71.21183736315393 0.07187015591030915
792 199 7.201880240316721 0.10725257178110627 59.6309971404281 0.035666564019865024 59.666663704445206 71.31557338754848 0.09393338643435206
546 128 7.325637883070424 0.11009388010276058 59.666663704445206 0.043336295557381235 59.71 71.38811029925864 0.09688735295319528
190 52 13.209935991910985 0.05356279762722321 59.71 0.05234724660897844 60.343635810545386 71.4027484758188 0.0507301283621729
202 57 15.190716404577202 0.06506649461137647 60.343635810545386 0.022027649987147145 60.36566346052906 71.53199535551303 0.06247751807191507
386 83 7.581310115658364 0.10597334744843993 60.36566346052906 0.038409465255042685 60.40407292578081 71.59836522303398 0.09440384339154326
95 25 12.472029109549227 0.05039937812256284 60.40407292578081 0.03917854231073899 60.443251468088405 71.72575540849154 0.04734393592424449
154 43 15.053399560726863 0.06398998448297336 60.443251468088405 0.028495007532665803 60.471746475618126 71.76546475277941 0.06133964159104817
223 60 15.87010685178303 0.07010197177775236 60.471746475618126 0.028253524384457683 60.5 71.78486199138402 0.06756070161204164
272 70 16.041449482762314 0.0718980433056979 60.5 0.03615453168559115 60.55892148584982 72.0724269929487 0.0692907858896014
323 78 15.556764890877545 0.06772217038343843 60.55892148584982 0.03679403567236069 60.59571552151867 72.12633105169638 0.0650474481066161
34 7 16.269927944604056 0.07397175186083833 60.59571552151867 0.03966599417137345 60.6353815156868 72.26401406959573 0.07135153638818588
54 13 13.10048397009073 0.05305692841545445 60.6353815156868 0.023739632277748335 60.65912114796139 72.35116246861168 0.049941072826826985
53 12 15.180945250008646 0.06495588580713087 60.65912114796139 0.020816980808850433 60.67993812876732 72.38696054525596 0.06216399953414121
198 55 7.604211532351673 0.10936246621428536 60.67993812876732 0.030061871235294125 60.71 72.37931138666356 0.09696259093398181
130 35 17.365820671785052 0.0804115408204566 60.71 0.02911694575100878 61.33391260151486 72.43790641173885 0.07816915916089749
150 42 14.60583411565012 0.0583798905577576 61.33391260151486 0.022123474283943245 61.35603607579532 72.47843621064808 0.05581086731462477
390 86 14.488146434327321 0.05765360254068323 61.35603607579532 0.03705075664116751 61.39308683243329 72.53113936241155 0.055065898226841256
291 73 13.197731186380002 0.05136101529877585 61.39308683243329 0.03464905041479999 61.427735882845006 72.55715477284798 0.048590514453248704
506 114 15.479112958575591 0.06351841860073273 61.427735882845006 0.03627219038961952 61.46400807323168 72.60861266792867 0.061065662306769096
124 33 15.294651593693477 0.06212218264536577 61.46400807323168 0.03599192677090732 61.5 72.60772536301144 0.059663272295327065
109 29 13.897748212388828 0.05425355718750409 61.5 0.027616191320266624 61.561381736256365 72.71506348018019 0.0515931400642924
466 104 16.038081953265234 0.06702970371968783 61.561381736256365 0.04349737579002144 61.604879112043065 72.73505038386763 0.06465632544251589
551 130 7.570064862799734 0.09788410902842679 61.604879112043065 0.02833756274301846 61.633216674783 72.7651065269153 0.08691260862249206
192 54 15.598041138391832 0.06410973982043414 61.633216674783 0.05090579505945225 61.684122469839494 73.10300133846506 0.06157829716268704
161 47 15.11791449665685 0.06088147675566668 61.684122469839494 0.025877530163106986 61.71 73.13900854077178 0.05828139026918221
915 227 15.574247102888647 0.06083614194395555 61.71 0.06451758558811188 62.374533353950774 73.15365787747483 0.05860172359641697
604 149 8.288659960422235 0.10466566283467212 62.374533353950774 0.033547250403272985 62.408080604351746 73.25725604439569 0.09513581405002743
201 56 16.23103592937217 0.06510900153908197 62.408080604351746 0.0517103299858961 62.459790934335366 73.35361007570103 0.06291011552637209
525 118 17.495998630799313 0.0754756322944842 62.459790934335366 0.04020906566611253 62.5 73.38903965630112 0.07340430855014606
531 119 9.079064441323712 0.12398006527380737 62.5 0.030940783144404068 62.55880462446845 73.4070696802197 0.11516767622953111
65 17 17.11009301178567 0.07123173181248488 62.55880462446845 0.054002442563114546 62.61280706702961 73.41564680831218 0.06915974495530054
137 39 13.844664384686308 0.05148031760057539 62.61280706702961 0.028451160220996256 62.64125822724854 73.50685102694783 0.049018963667371955
169 49 16.28228654691435 0.06482931256831434 62.64125822724854 0.027943711036649006 62.669201938283514 73.59016293984851 0.06263904342775645
22 4 1.728982543087237 0.23893636482657088 62.669201938283514 0.04079806171790911 62.71 73.75418103712613 0.12483703635714646
