131 36 13.249035495421088 0.06584637655582631 58.33 0.02025511634426689 58.4134365737036 73.76007571512504 0.06045346179012252
203 58 12.707278342779043 0.06195000906561911 58.4134365737036 0.02644537080985354 58.439881944513395 73.82850741155269 0.056383602159164554
101 26 14.051243817550251 0.07283759660043203 58.439881944513395 0.030513160326900598 58.470395104840236 73.88447902232039 0.06763870534188095
40 9 12.709754834080922 0.06194114716294637 58.470395104840236 0.029604895159880695 58.50000000000006 73.9667270664036 0.056340427491593265
148 41 13.080764620663956 0.06425590341111002 58.50000000000006 0.032299551752001374 58.56637896448287 74.00467431691692 0.05878963816948719
238 65 13.536838713610884 0.06774506694608093 58.56637896448287 0.026403735620079513 58.592782700102894 74.03215910096903 0.06241793675363073
60 15 12.9932532909292 0.06348735046603955 58.592782700102894 0.032452490456006705 58.62523519055885 74.09068571003607 0.057991040826324836
179 50 11.954272241781123 0.056989310356312 58.62523519055885 0.030553879866014294 58.6557890704248 74.15593906242464 0.05115940072171781
642 158 5.7165281464681135 0.12651990129360208 58.6557890704248 0.05421092957522715 58.71 74.126229626211 0.0978742931432251
268 69 12.67731948876091 0.05827368029064216 58.71 0.04880199803185783 59.348401766864946 74.2504305524273 0.05317040646377327
342 79 15.409483961471775 0.08267179211657139 59.348401766864946 0.03341097936687232 59.38181274623176 74.56457983113313 0.0780731491377649
583 140 6.173277242066773 0.13298058230143384 59.38181274623176 0.038207436901465955 59.42002018313317 74.73960201975439 0.10678552928026447
156 44 15.094991601142397 0.07854653599340258 59.42002018313317 0.05141030559481646 59.471430488727925 74.7277796276082 0.07384901408652612
143 40 16.015105086897563 0.09127950373458411 59.471430488727925 0.02856951127210001 59.5 74.81148569467794 0.08674652721885878
55 14 14.476308036999137 0.07165882565530679 59.5 0.03842457134469987 59.54767815329669 74.79227593901219 0.06684496885243009
18 3 13.467520944343493 0.06341266299353877 59.54767815329669 0.026010979133492613 59.5736891324301 74.87623660296468 0.058318898570755465
103 27 14.314681269563007 0.07011491946674941 59.5736891324301 0.03235002413329507 59.606039156563305 74.91527085306481 0.06524057803258027
107 28 11.944507056336022 0.05426042108461296 59.606039156563305 0.02656671259250795 59.632605869155725 74.91529099268035 0.04875329194368086
64 16 13.326719068673043 0.06211793935342785 59.632605869155725 0.024959415665200796 59.65756528482087 74.93375976579424 0.057019299002380126
91 22 11.31882339124369 0.05156741604134934 59.65756528482087 0.02755148854569022 59.685116773366516 75.15850845177224 0.04574075195304087
117 31 14.296817061831353 0.07017701141987434 59.685116773366516 0.02488322663351116 59.71 75.26149695264132 0.06517617255306532
503 113 6.315602482217823 0.12089177022235101 59.71 0.042054451157339565 60.33948987282536 75.2525834142481 0.09741718204586386
13 1 6.19414376379707 0.11903717980668349 60.33948987282536 0.05594103072407773 60.39543090354941 75.45097728531655 0.09485337359391899
38 8 16.152557639022135 0.08575608458918438 60.39543090354941 0.03204713115621832 60.42747803470557 75.50680304929926 0.08151313875354169
275 71 14.32409253792111 0.06657241454737882 60.42747803470557 0.04246424941884909 60.469942284124365 75.67592197832995 0.06189838833694715
520 117 6.663332902401516 0.13642532528825957 60.469942284124365 0.030057715875752043 60.50000000000006 75.67348362197767 0.1130444389423467
556 131 15.854765569656712 0.08122797730405745 60.50000000000006 0.02356918821591435 60.548919712932275 75.66786347244658 0.07692576496430362
549 129 5.384919416517611 0.10103694666586395 60.548919712932275 0.025668669828736813 60.57458838276097 75.67976222290193 0.07488197620088341
92 23 12.809187115429289 0.056038836021149264 60.57458838276097 0.055967073629885136 60.630555456390816 75.74745275566309 0.051060416145997475
476 107 6.610037994544832 0.13148035863322308 60.630555456390816 0.05242248039755039 60.682977936788326 75.83373904805892 0.10820571455878732
538 122 14.43057272583743 0.06648878719316488 60.682977936788326 0.027022063211757045 60.71000000000004 75.90394100661362 0.061875353306551445
740 185 6.735719130107204 0.12008079411312367 60.71000000000004 0.02886543491504668 61.35252911070248 76.00949245422241 0.0991915331054265
688 169 15.682744858121795 0.07352599227761611 61.35252911070248 0.03037020937940668 61.382899320081854 76.0569859205614 0.06953309531823763
771 194 6.570279438887481 0.11509308802859233 61.382899320081854 0.02846237372228646 61.41136169380411 76.0804919782186 0.09389173252934614
597 147 6.809109988705973 0.12313104438835325 61.41136169380411 0.03202386006699588 61.44338555387108 76.20523577589609 0.10212937173674208
855 208 6.668019745047102 0.11943575884970203 61.44338555387108 0.034018554793779965 61.477404108664835 76.2998646220566 0.09800496992802997
856 209 6.845086629295279 0.12444325241142955 61.477404108664835 0.022595891335219807 61.50000000000003 76.30442739253365 0.10342544835779564
542 125 6.717950117814097 0.12300813636830366 61.50000000000003 0.048944673242095844 61.577019738871336 76.58795134003823 0.10117859733045183
871 215 14.378970997768286 0.0625745543364292 61.577019738871336 0.04233560683812213 61.619355345709444 76.60650472801689 0.05819949329790381
698 171 6.284349102515675 0.10985834804922255 61.619355345709444 0.032943904148595424 61.652299249858 76.60469482045858 0.08739880593376978
743 186 14.648894763781113 0.06429475062266843 61.652299249858 0.025307502760886797 61.67760675261884 76.65665733562601 0.059989579967562316
533 120 6.272181556979886 0.1088000175145715 61.67760675261884 0.032393247381260225 61.71000000000004 76.6300435610122 0.08647710595295165
560 133 17.889760324380678 0.09555702932951961 61.71000000000004 0.02885888910963726 62.33160166297259 76.71089575858198 0.09213639526381022
758 189 7.122011184837733 0.11916236849228498 62.33160166297259 0.03379519633879601 62.36539685931135 76.817567107363 0.10031973010437514
731 181 6.759854352891528 0.10930729198366496 62.36539685931135 0.02682514539380663 62.39222200470515 76.8348806028498 0.08989022928208291
585 141 7.559041183696065 0.13310078341794607 62.39222200470515 0.02894520582810891 62.42116721053324 76.82864865163656 0.11518027532383418
616 153 6.764452842819987 0.10856198962214814 62.42116721053324 0.026007128966124574 62.44717433949933 76.85074862993005 0.08930540893099644
595 145 14.155281515936483 0.057762598087866254 62.44717433949933 0.024760362141261413 62.47193470164055 76.93430906430947 0.053716982902916
545 127 15.012758511922241 0.06300364037501893 62.47193470164055 0.028065298359535605 62.50000000000003 76.89373505186761 0.059168197269042516
72 20 14.094247243474001 0.05662624269306092 62.50000000000003 0.05858534867933266 62.586062849040395 76.71982995561683 0.05274184462012572
66 18 13.974786919382147 0.05588981135614521 62.586062849040395 0.02446597621933435 62.61052882525964 76.71208345695061 0.05200422341150361
262 67 12.298431309259485 0.0482861650392242 62.61052882525964 0.0345751158278511 62.64510394108746 76.63802586241363 0.04409124023035185
605 150 6.658646865179749 0.09936751194191921 62.64510394108746 0.038544646338480426 62.683648587425886 76.54667147388733 0.081566821944804
474 106 3.124198388645772 0.19221579830869673 62.683648587425886 0.026351412574246405 62.71 76.4268548700415 0.12532949538833196
