725 185 5.329002014107228 0.11200341743074 7.5 0.030978413232408183 9.456933273529502 24.770661692820394 0.08308371104352821
308 24 5.864707567281345 0.12495829631055391 9.456933273529502 0.043066726470521705 9.500000000000002 24.775196783774884 0.09775408558541827
583 124 6.151651646457462 0.1331943045215779 9.500000000000002 0.030927262690088463 9.546731473207506 24.89878509338851 0.10678552928026447
443 62 5.540672666520521 0.11390923162930011 9.546731473207506 0.03413388283058882 9.58086535603806 24.92272942232294 0.08600470851563681
423 50 5.6531050699197305 0.11607477639833783 9.58086535603806 0.022886642689792517 9.603751998727818 24.94236848684292 0.08856232629553956
540 104 5.984319840811457 0.12445733294685093 9.603751998727818 0.02712153453433582 9.630873533262118 25.025488966443834 0.09782273341317334
503 88 5.993205445864624 0.12398472471612412 9.630873533262118 0.02318543601386776 9.654058969275951 25.069935681285617 0.09741718204586386
13 2 5.959419886906786 0.12133627201154092 9.654058969275951 0.05594103072407773 9.71 25.136109872260132 0.09485337359391899
378 38 6.482825049363338 0.12026267517729039 9.71 0.05766389594455587 10.366763873187551 25.20456498281396 0.09784493271562114
520 97 6.9105181271489045 0.1344352330777845 10.366763873187551 0.029144291933979036 10.3959081651215 25.209973225947294 0.1130444389423467
572 121 6.468994876373892 0.11859376254796253 10.3959081651215 0.02595214307994575 10.421860308201415 25.18006816980177 0.09640283017421283
549 110 5.570301964157531 0.09901297575340809 10.421860308201415 0.023746013325411718 10.445606321526796 25.21270841471036 0.07488197620088341
476 79 6.85131754501855 0.1295244748524839 10.445606321526796 0.02379718296546125 10.469403504492226 25.26347273950785 0.10820571455878732
717 180 4.998868117716235 0.09072396339860819 10.469403504492226 0.030596495507804144 10.499999999999998 25.25582912416412 0.06532376398344895
740 194 6.664555435618262 0.12064330859841356 10.499999999999998 0.024148627088521023 10.55616687996709 25.322208065647946 0.0991915331054265
855 246 6.659184871669263 0.11950651970977175 10.55616687996709 0.02679577708335958 10.582962657050413 25.419018598083397 0.09800496992802997
856 247 6.83811352262525 0.12449683968640463 10.582962657050413 0.022595891335219807 10.605558548385595 25.420448669307397 0.10342544835779564
698 171 6.323251368373212 0.10951987715656886 10.605558548385595 0.026306602033797553 10.631865150419358 25.52080671898697 0.08739880593376978
605 136 6.080405487000153 0.1040603705009049 10.631865150419358 0.025307502760886797 10.657172653180208 25.501563981875655 0.081566821944804
533 101 6.316376826958731 0.10841643450064621 10.657172653180208 0.024564196426222856 10.681736849606398 25.529271663136377 0.08647710595295165
758 200 6.838526403420538 0.12122019916883911 10.681736849606398 0.028263150393629408 10.71 25.591546704487847 0.10031973010437514
731 189 6.873428811070587 0.10848103038851162 10.71 0.02682514539380663 11.336321788567037 25.597493132603258 0.08989022928208291
616 138 6.865418821520508 0.10782971370345729 11.336321788567037 0.024775034816053962 11.361096823383054 25.602792256746543 0.08930540893099644
585 126 7.6984242182252896 0.1322505722351361 11.361096823383054 0.025356100857269262 11.386452924240288 25.59499157857614 0.11518027532383418
462 72 7.401787734165286 0.1203468314839649 11.386452924240288 0.031964516126203074 11.418417440366454 25.735930038936125 0.10270839566773435
518 96 7.397416237530904 0.11964663602336352 11.418417440366454 0.024502582508932287 11.442920022875349 25.728908089715258 0.10209460222359149
716 179 7.105023783389861 0.11075557973058489 11.442920022875349 0.03163617519126184 11.474556198066576 25.7885216943371 0.09275469543998935
674 163 7.6795615534686075 0.12706435352474213 11.474556198066576 0.025443801933453677 11.5 25.836535131953838 0.10999292570472216
436 56 7.4484928279433715 0.11828488037285044 11.5 0.03183496925350817 11.54227114642185 25.878475607771215 0.10093924952801907
434 54 6.714174711897744 0.10042969788939762 11.54227114642185 0.02267167124423033 11.56494281766604 25.97877802573232 0.08186052845063779
786 217 7.297821023465129 0.11237739609639398 11.56494281766604 0.034105652411824214 11.599048470077825 26.020923653809213 0.09478322069151156
602 134 7.870902776985771 0.12953150839362804 11.599048470077825 0.028474507571888186 11.627522977649676 26.047660360973143 0.11287627230979426
654 152 6.299373958853032 0.09236763452624934 11.627522977649676 0.02416353394506247 11.651686511594697 26.064462108285273 0.07327472523278908
89 4 6.900387649825662 0.10137707929133312 11.651686511594697 0.05831348840533356 11.71 26.104298274331867 0.08342948858278568
81 3 7.485484266043671 0.10232136467960673 11.71 0.021635368351839955 12.347280596645017 26.237259349163693 0.0869677699442343
501 86 8.045978120851046 0.11460242110215663 12.347280596645017 0.047341882455373484 12.394622479100356 26.244732042772842 0.10007973990477499
504 89 7.958482037821114 0.11188529068446468 12.394622479100356 0.023246786681109678 12.417869265781423 26.216330349293514 0.0973528388811567
356 33 8.141721284852082 0.11618218366025074 12.417869265781423 0.03271002068461606 12.450579286465995 26.203279412647614 0.10197366613431111
400 44 7.944736282109357 0.11050319924830276 12.450579286465995 0.024485899680010477 12.475065186145969 26.17390982339 0.09614895430103296
516 94 7.721399777421986 0.10496979988994223 12.475065186145969 0.024934813854061055 12.5 26.132191516562205 0.09045563670773898
693 168 8.17153111073331 0.11436940502771906 12.5 0.03015319077668926 12.556941874062108 26.286484646485636 0.10037190054406765
461 71 8.18064613410599 0.11361475367884513 12.556941874062108 0.033977619827187215 12.590919493889256 26.36754366844675 0.09962129851375796
472 76 8.277476480881102 0.11539400067057753 12.590919493889256 0.028001553007490666 12.618921046896709 26.453962135924353 0.10149265313583854
653 151 8.37449784744631 0.11743188876007171 12.618921046896709 0.028049059171169663 12.64697010606784 26.485404577241646 0.10367745187057256
774 209 7.905706562928218 0.10492118277731813 12.64697010606784 0.029891277522391506 12.676861383590193 26.485388919382203 0.09068330967849789
452 66 8.035957719322825 0.10714783338131302 12.676861383590193 0.0331386164098499 12.71 26.52259747322802 0.09310660520726101
791 219 7.867947056655927 0.09391593069894091 12.71 0.03856156364465335 13.360293912765922 26.52502094483502 0.08128638857088252
660 155 8.750971259839147 0.11137068188249027 13.360293912765922 0.028731555450249358 13.389025468216143 26.56634607081758 0.09963390041505957
724 184 8.402116561050132 0.10277116163707427 13.389025468216143 0.023832243389908473 13.412857711606023 26.606101521642596 0.09070759484566979
888 262 8.509972666476619 0.10462461597399972 13.412857711606023 0.028373913290966654 13.441231624896961 26.607829150271233 0.0927390705390555
719 182 7.519184751360689 0.0871766729320937 13.441231624896961 0.036169700143440765 13.477401325040372 26.6374595037821 0.0743390327599531
658 154 8.37867815330407 0.10085073573832026 13.477401325040372 0.02259867495965696 13.5 26.627499967205324 0.08893577366993652
568 118 8.098084441492762 0.0949146031957602 13.5 0.025946314417683365 13.55657239532053 26.63515477374642 0.08285423683964628
584 125 8.581013329386113 0.10395395107929452 13.55657239532053 0.024005809941812943 13.580578205262302 26.55461424663431 0.09249113124617078
442 61 8.237360797790554 0.09661738819563553 13.580578205262302 0.03258881425958695 13.613167019521853 26.60697860353573 0.08484459238071314
480 80 8.175344307201453 0.09510627940819683 13.613167019521853 0.022864471879638415 13.636031491401457 26.6577638607604 0.0832714802269802
905 268 8.829871333277115 0.107185117517665 13.636031491401457 0.03771833434352663 13.673749825744949 26.788808636812846 0.09591069093101859
884 260 7.568355567535025 0.08498876422274332 13.673749825744949 0.036250174255083166 13.71 26.859341470642565 0.0725114923518761
