783 175 20.589884393106097 0.049008374758129955 98.5 0.025616764788337538 99.68264255126847 101.26160864571706 0.04897241566988506
773 171 12.549179508054575 0.07736253058045461 99.68264255126847 0.02735744873183476 99.71 101.48569520169428 0.07718192656154933
779 174 12.379860632990933 0.07547743779487838 99.71 0.025593971435165924 100.33808668026975 101.48563457021353 0.0753964485320989
329 61 16.02881515573656 0.06345563791897299 100.33808668026975 0.038089326601142934 100.37617600687089 101.5834435637166 0.06341054947761121
318 57 17.520762329078728 0.06664216827972663 100.37617600687089 0.03246689017479086 100.40864289704412 101.66354790396834 0.06660337058436717
352 69 11.72813866861274 0.09338016910535171 100.40864289704412 0.03250167025869933 100.44114456730122 101.7482438666749 0.09325643762970315
183 34 15.210130469773103 0.06165844672135978 100.44114456730122 0.032967808939306474 100.47411237623757 101.82336514210782 0.061597631308149645
194 36 21.966986660240053 0.05040663278499363 100.47411237623757 0.02588762376243467 100.5 101.8316576585108 0.050384194392179685
335 63 11.692591097230565 0.07362334601545664 100.5 0.04584985532500932 100.54604834942732 101.98554609062464 0.0734840815672578
724 161 15.722281969016475 0.06276483760650728 100.54604834942732 0.038067206703898654 100.58411555612543 102.02340832106015 0.0626989488945609
368 73 20.640157807246872 0.048359403012852596 100.58411555612543 0.036029574918663064 100.62014513104408 102.07157857355529 0.048329311232744185
78 19 28.843571643314835 0.03194657646192872 100.62014513104408 0.04104440311920503 100.66118953416328 102.08030970812501 0.031936626887175995
32 8 19.634608405036616 0.046816776360858195 100.66118953416328 0.0256713565722628 100.68686089072995 102.25151230882241 0.046778661683763004
36 9 16.86483641430792 0.06537394583098408 100.68686089072995 0.02313910927255056 100.71 102.5034933710827 0.06528968454919379
220 42 15.534737307032177 0.06151481561071922 100.71 0.033674970062125026 101.32999999999934 102.50335071665354 0.061470575670804474
306 53 31.187680520630952 0.03355155824185126 101.32999999999934 0.030648725005701403 101.36064872500505 102.58035495669233 0.03354485911383889
97 24 20.40094526574488 0.04738987835886098 101.36064872500505 0.04001433432385891 101.40220179862892 102.67153588783182 0.04736630258120658
82 20 15.182595244996287 0.06075113043725422 101.40220179862892 0.023150898777288775 101.42535269740621 102.7433123759896 0.060693418511900875
113 26 20.748303870492773 0.047881367719982144 101.42535269740621 0.026465773772323453 101.4518184711703 102.79155509579923 0.04785610570053385
360 71 9.654413499078752 0.08485230364339608 101.4518184711703 0.04818152883334296 101.5 102.768023830549 0.08466178428596491
420 86 18.90365425274934 0.045039665923791716 101.5 0.023987720973980112 101.55780268123927 102.82142998472524 0.04501379370954166
304 52 21.967238819954105 0.049571313781907475 101.55780268123927 0.04156584742026695 101.59936852865954 102.85162069686876 0.04955140184450111
315 55 20.359080489379338 0.04718171656701108 101.59936852865954 0.03689529376396418 101.63626382241796 102.9715252462307 0.04715551831457045
692 152 21.76569459969141 0.049236625627885305 101.63626382241796 0.039826262024991774 101.67609008443775 103.00160732763457 0.04921419150878022
438 90 14.70782363821122 0.05953224711447515 101.67609008443775 0.03390991556685115 101.71 103.06325163588679 0.05946827885478749
372 74 22.217567796194913 0.04923756537132758 101.71 0.046104904699627955 102.36486794059381 103.18160651597681 0.049229209651217395
249 45 31.23313661805948 0.033047543551706554 102.36486794059381 0.036292464602015705 102.40116040519577 103.26034028297305 0.03304399522567422
289 51 21.893346441739943 0.04872685374115221 102.40116040519577 0.03761670574067788 102.43877711093639 103.3015864583307 0.048717287774278986
551 115 12.134788098864941 0.072445081886539 102.43877711093639 0.03389948091494145 102.47267659185127 103.385464083957 0.07239200574169084
673 147 20.192097953019285 0.04625957452930142 102.47267659185127 0.027323408148789922 102.5 103.54148338891622 0.04624331387311799
557 119 23.574661275076668 0.05118089824641879 102.5 0.030869252627689917 102.55922136018529 103.63167255152865 0.051168431389030974
589 129 11.747285105651907 0.0715087361844957 102.55922136018529 0.02679366292185218 102.58601502310688 103.73541066955329 0.07141510200939549
59 13 16.374373815180235 0.062247487809349994 102.58601502310688 0.05530977420022167 102.64132479730685 103.86336273623306 0.062203882255736156
87 23 20.40158823526611 0.046502274371995306 102.64132479730685 0.023503866940042997 102.66482866424667 103.87149209679961 0.04648087005436005
422 87 8.950971794850311 0.09853757288708727 102.66482866424667 0.045171335753608516 102.71 103.8708201007148 0.0983350423653807
376 75 12.731027597409883 0.09228634003508647 102.71 0.025973521131505854 103.33035078442146 103.96811319621452 0.09226110320056374
778 173 16.392340608080424 0.061270361995321196 103.33035078442146 0.04068627815526911 103.37103706257669 103.98332288224333 0.061259381816846814
872 198 13.265092264267174 0.07441215134615987 103.37103706257669 0.024086320992802352 103.39512338356947 103.9855352334057 0.0743932552917756
499 103 13.379270190430455 0.07473649046814713 103.39512338356947 0.04044744726311391 103.43557083083256 104.08554348506028 0.07471407770493216
497 102 10.480140353612335 0.08476420951953341 103.43557083083256 0.022577348696522084 103.45814817952906 104.08798352063299 0.08472424669382085
559 121 7.875263223000332 0.10866199936591134 103.45814817952906 0.0418518204709717 103.5 104.15377734444216 0.10856558238565658
638 137 4.74290156043133 0.19236379704522888 103.5 0.03805313739564391 103.55223995856815 104.26703151209638 0.19192073408192006
869 196 13.028242682393657 0.073840412187338 103.55223995856815 0.03336840489513781 103.58560836346324 104.43550081743446 0.07380048824231834
871 197 23.48287106745513 0.050212547931214706 103.58560836346324 0.022566681790051807 103.60817504525323 104.4716341331083 0.05020436884392916
456 97 8.820670315438928 0.09627869595756519 103.60817504525323 0.039880705463935434 103.6480557507171 104.50073519405777 0.09616269137688133
468 100 15.96909856917391 0.060407329327460846 103.6480557507171 0.03549118947812685 103.68354694019517 104.74327423408761 0.06037362228641764
454 96 13.732639328908217 0.07598512197406093 103.68354694019517 0.02645305980488392 103.71 104.88555948067558 0.07591880802169348
818 179 20.80526965009713 0.04577217519783279 103.71 0.038070554216520766 104.34777954074129 104.89145639264277 0.045767883107974805
744 168 12.592049944745504 0.07151892708151898 104.34777954074129 0.040983312663224615 104.38876285340446 104.88538955456222 0.07150406181265329
351 68 21.730994089988464 0.04700092007445908 104.38876285340446 0.04279398241624313 104.43155683582064 104.92150837952452 0.04699768396478012
85 22 30.271188399630134 0.03120812401737924 104.43155683582064 0.036839135092051625 104.46839597091264 104.96028499347952 0.031206710846944506
211 39 21.29041006392349 0.046322263508398825 104.46839597091264 0.03160402908741655 104.5 104.92147997776524 0.04631970910956061
323 60 16.54906281807657 0.06042470556844287 104.5 0.027888853472292092 104.55539216496702 104.82327603504726 0.0604226307003539
317 56 30.36277814310587 0.031212884441808836 104.55539216496702 0.026453660124766066 104.58184582509173 104.78028534361684 0.031212632679614126
640 138 10.856935088384077 0.08413391267321722 104.58184582509173 0.03875324381679154 104.62059906890846 104.68794176035865 0.08413347254797936
277 47 22.262663911175167 0.04746404408307313 104.62059906890846 0.041843468416089956 104.6624425373245 104.62152931779171 0.047464033717914696
344 66 28.485263419037228 0.02972090435294738 104.6624425373245 0.022551875041426608 104.68499441236587 104.42023967790249 0.029720560901886968
264 46 17.833760690789603 0.06256423823765046 104.68499441236587 0.02500558763418386 104.71 104.42336877311872 0.06256220172824815
