314 56 22.86074483050897 0.04769882373355045 70.33 0.004765909728062798 70.38084329793173 70.14076769483492 0.04769817977375083
484 99 22.31381138918332 0.04691531339809027 70.38084329793173 0.02910803685585122 70.40995133478758 70.18075180564955 0.046914685678763765
401 73 15.435115357136441 0.06721708462065479 70.40995133478758 0.027304931522457616 70.43725626631003 70.21247499933946 0.0672152620803535
296 49 16.020867744362825 0.06854102275972232 70.43725626631003 0.03076931912457313 70.4680255854343 70.33250223535836 0.068540410231579
115 22 22.016066897289107 0.0464016911990832 70.4680255854343 0.031974414566029806 70.5 70.4407398677996 0.0464016775133803
563 129 14.926766368911544 0.0659440537297574 70.5 0.05052680359685979 70.5569019481629 70.51243876571027 0.06594400593206402
528 119 22.47664354041573 0.04695578259685642 70.5569019481629 0.02479381514987461 70.5816957633091 70.52075139935366 0.04695574610743564
833 199 23.34093282603641 0.04811421823614819 70.5816957633091 0.03445338981872122 70.61614915312782 70.58077423210852 0.04811420411739217
501 107 16.06425923744905 0.06840878143641735 70.61614915312782 0.035071961289619424 70.65122111441744 70.60249469295081 0.0684087070694735
12 5 15.814325093856116 0.06780477065284232 70.65122111441744 0.058778885582581604 70.71000000000002 70.72248027813933 0.06780476276358552
554 127 16.58871832927643 0.06857916791988304 70.71000000000002 0.06055889432485755 71.32999999999981 70.81249434789765 0.0685705104232732
549 124 11.50432367994061 0.08335271135356617 71.32999999999981 0.024225867527536908 71.35422586752735 70.82471257035397 0.0833277861334433
460 92 22.38469688347626 0.046097476665645086 71.35422586752735 0.02633676651276204 71.38056263404002 70.84073216239345 0.04609411458747836
354 62 16.88601024538788 0.06914216666680247 71.38056263404002 0.02907250441451501 71.41037672541391 70.99250164767982 0.06913677953751698
485 100 24.07839828806423 0.048313313636984 71.41037672541391 0.035548553022752616 71.4459252784317 71.0007761028202 0.048311242442020765
526 118 24.58508292947721 0.04897347772707987 71.4459252784317 0.023159057681203462 71.4690843361129 71.06078810571796 0.048971804631369284
298 50 23.177181516665293 0.04702377292114869 71.4690843361129 0.030915663887098488 71.5 71.10075038561612 0.047021984974509184
80 17 23.074823923206083 0.046833906580985914 71.5 0.03802680837735635 71.56171263220058 71.10074639708796 0.046831597128398066
77 15 20.434509758967977 0.04322611487860824 71.56171263220058 0.023129351949000943 71.58484198414958 71.24066478120992 0.04322445299361749
79 16 23.97274672205025 0.04799575033373554 71.58484198414958 0.02245199735496183 71.6072939814971 71.3207687392311 0.04799491175553602
157 30 24.854031096661416 0.049152387967908724 71.6072939814971 0.031492036116284046 71.63878601761338 71.36079002161208 0.04915162298207966
571 131 16.36093081898271 0.0677051170569829 71.63878601761338 0.04581104768147094 71.68459706529485 71.47246552739362 0.06770366062702421
659 158 20.76499271642016 0.04353530712509244 71.68459706529485 0.02540293470748283 71.71000000000014 71.52067158673186 0.04353482310628166
446 86 23.874649997406706 0.04717562625184477 71.71000000000014 0.03675653206116231 72.32999999999997 71.58075143074818 0.04716963719776282
159 31 24.352802151825884 0.047792132518341496 72.32999999999997 0.03624063736148099 72.36624063736133 71.6007636770131 0.0477860629860302
305 53 23.66243866098283 0.04682531300623976 72.36624063736133 0.03506140619438496 72.40130204355565 71.78074380562006 0.04682122592042047
231 40 24.065666687106887 0.047338012652567665 72.40130204355565 0.027892670209295284 72.42919471376494 71.78075408997547 0.0473336451486058
31 8 24.09198367585227 0.04726099854733044 72.42919471376494 0.038030512736840716 72.5 72.10075109693287 0.04725935608865438
35 9 24.477618653020876 0.047733446483647475 72.5 0.02372979051012106 72.54515200987119 72.18076000667496 0.04773210966695185
4 2 17.061201461266986 0.06813120651098062 72.54515200987119 0.02790887126427466 72.57306088112801 72.43245813453957 0.0681306300228975
143 28 16.476719676152868 0.06684037252527736 72.57306088112801 0.040292706180578654 72.6133535873086 72.55242975687706 0.06684026878717925
233 42 23.77924725461284 0.046700532174465625 72.6133535873086 0.03491686890524121 72.64827045621031 72.46073876184505 0.04670018887324203
236 44 23.691954242802606 0.04655615853462212 72.64827045621031 0.03146205873046463 72.67973251493407 72.50073566561254 0.04655586246782041
461 93 14.160984202194205 0.061483917006560224 72.67973251493407 0.03026748506594509 72.71 72.49228127176197 0.06148191327178333
822 194 18.09655505714639 0.06918126627630178 72.71 0.04735313938386866 73.33 72.55247415773103 0.0691653449589158
807 191 13.166813582296285 0.08542994425603723 73.33 0.028385943456141143 73.35838594345614 72.70468445672549 0.08540261600475035
844 202 16.33949641996241 0.06543186902304095 73.35838594345614 0.029901827599219388 73.38828777105536 72.79239285833411 0.06542035639045712
827 197 11.90031902340818 0.08154845503490124 73.38828777105536 0.02715381632564468 73.41544158738101 72.824608312267 0.08152006460291408
781 185 17.103517893801808 0.06702643206973415 73.41544158738101 0.024514797668979002 73.43995638505 72.88242819179989 0.06701724260012488
758 180 22.873935560546425 0.04473322959150977 73.43995638505 0.0253842669105072 73.5 72.94069506180571 0.04473007430696382
579 135 17.694622731331105 0.06812023472227992 73.5 0.03141835869122533 73.54 72.97244776978505 0.06811139951169093
535 122 12.112012823651442 0.08210256169689434 73.54 0.0307557043471473 73.57075570434715 73.14461299915875 0.0820885021171103
891 217 16.049802663422426 0.06460799540821713 73.57075570434715 0.04119704401443887 73.61833770731064 73.30236559631871 0.06460482298627943
707 169 19.84317591013697 0.039628211034180905 73.61833770731064 0.028331662749917205 73.64666937005111 73.30054269827525 0.0396314770722398
489 102 24.936345331517728 0.047236816922137194 73.64666937005111 0.02888304029680256 73.67555241034792 73.40074559919111 0.04723614337563184
888 214 15.576752382146337 0.06354277400588067 73.67555241034792 0.03444758965674313 73.71 73.75233028578583 0.063542657489215
695 167 24.367301828814618 0.0458869053585232 73.71 0.03844156565557956 74.33 73.76071710331541 0.04588380160697607
273 46 24.817870803768752 0.04643434247547419 74.33 0.03441909378113647 74.36441909378114 73.76072819364876 0.046430860582944294
122 23 17.994883596659236 0.06763924047647224 74.36441909378114 0.05051512944667921 74.41493422322762 73.72242578107486 0.06762654316516387
17 6 5.253032854042177 0.1761262645990831 74.41493422322762 0.03134044870800122 74.44627467193548 73.90385302640023 0.17584311523773247
127 25 24.464058562927555 0.045813937953131136 74.44627467193548 0.035756588018990884 74.5399999999999 73.96071484327908 0.045810754713991805
234 43 22.81059064705955 0.043663050147323836 74.5399999999999 0.03024666273278533 74.57024666273269 73.94066798525427 0.043658565343691835
198 37 19.202310222965117 0.03911423461371364 74.57024666273269 0.027221111127915046 74.5974677738606 74.00055085675939 0.03910912453344058
487 101 23.96502281876963 0.04507233636838012 74.5974677738606 0.03425284722514263 74.63172062108575 74.16069844451106 0.04507018534249381
422 78 10.100401208836654 0.09836505521827502 74.63172062108575 0.029038786532779866 74.66075940761853 74.18721340047644 0.0983350423653807
166 33 23.174655707071228 0.043964904635267 74.66075940761853 0.048611592339804145 74.71 74.28067360674615 0.04396289362593565
195 35 18.180323243346365 0.06687142132960233 74.71 0.04033298437203173 75.32999999999988 74.32240174811923 0.06684490903065643
