id Opt Opt_cost
1 36.7067750688153 0.0668063216327498
2 39.08513604532326 0.05377213856883928
3 36.79127237440368 0.0691083661799025
4 37.122177863223875 0.07978763350658388
5 38.29872697885961 0.06073359905189249
6 36.00054380745442 0.06982278252924123
7 50.01166747495147 0.03675763784179287
8 40.39554108651221 0.052017111632896275
9 37.23927145642908 0.04845728080425517
10 34.927016869293666 0.08705671819284923
11 37.263069238869356 0.0665984733064633
12 33.34553340728647 0.07960842598287436
13 30.143717251716275 0.07833401243636018
14 49.56473783982704 0.027965283719520513
15 38.78675139814283 0.06073641060557493
16 44.65630069876127 0.04936549778582406
17 22.81677261273149 0.11562229578060457
18 39.46625551446022 0.06143706523088072
19 43.740461453747834 0.048176431509173064
20 39.65430727240695 0.051527738428607195
21 59.45620831380478 0.026689993144134005
22 41.565363572761996 0.07519991424942843
23 17.528998250235148 0.10688214680153485
24 35.85816444441141 0.1027711963082086
25 39.38065704722349 0.06015472702447334
26 39.10953512673619 0.06668179528586307
27 38.7358572829416 0.059563447994495804
28 44.15418425872605 0.08663118815917768
29 60.33575130754664 0.027665471182833412
30 39.274521772033935 0.05013050983960326
31 42.03529254005705 0.05759882785999464
32 36.44998946725045 0.0563789122832075
33 52.69946976819488 0.03757228289497001
34 36.09653518023612 0.07076035119611389
35 43.04340840184433 0.05822500316657196
36 39.152257237273616 0.07691688961247628
37 47.185490404487794 0.04819173190632642
38 38.295071518810175 0.059521339200055604
39 45.90189469217487 0.06571396577167535
40 39.66940607184552 0.05827895263054788
41 42.960190311530084 0.046736184556916006
42 54.428799856428455 0.03295095845927483
43 35.60550992052763 0.06613156786157748
44 49.644276045136145 0.03574575497259357
45 35.77879532460073 0.06356094702892394
46 46.032365514194474 0.0458704539172868
47 37.46733843105225 0.062040665536583155
48 34.15060135560326 0.07158178432316509
49 41.46111340842517 0.052022548624110675
50 40.730133880245624 0.06372189570941422
51 42.73347591259988 0.06202297027086145
52 46.66277037114649 0.04704284962847152
53 36.61145972296928 0.066300383545471
54 42.427370980498225 0.05125129275585159
55 41.255324726672306 0.041994833091807605
56 44.41730307909599 0.05464003179900575
57 37.49131090920337 0.048458550941279294
58 37.357936793101025 0.06651090616221382
59 34.44736970979468 0.07384018232557364
60 33.49222069376066 0.0551744785227217
61 43.14342136125104 0.047977505379684066
62 38.29192311856016 0.05974064957178519
63 52.72579428820599 0.09403744152966052
64 47.276901808167445 0.039119372556408856
65 43.65241748870971 0.04718895172785802
66 43.69705217248942 0.05648427773954146
67 44.30505629935263 0.04328353537677346
68 47.93335008765889 0.03526251209522276
69 54.327711725940745 0.03731868742271134
70 48.94899198406983 0.04205517772810995
71 64.45722924325464 0.022740932022326434
72 41.607937237627254 0.05062948462114949
73 44.32482674108969 0.043840185004062705
74 47.489498356144814 0.04347703615623241
75 37.86011293821735 0.06520726990973284
76 39.98740626688167 0.05849635985037603
77 35.75568952328657 0.051736807009145395
78 48.41597973267861 0.0387981680695313
79 42.30573882497988 0.05847965014366304
80 40.00122875689702 0.05689813847540049
81 45.97002326182665 0.04627521297102445
82 31.183947902852488 0.07200904607550647
83 52.32723971180808 0.03854955252090139
84 37.095912892836516 0.058787862221437344
85 49.60095922305817 0.03795279007056945
86 35.86257391748499 0.062408750345162606
87 37.276972169851355 0.056132332230834796
88 58.902178536586256 0.028131589863560767
89 57.617416832687326 0.03133520923607346
90 30.81214510656568 0.06935216700483322
91 45.27225697017352 0.04412951314744053
92 42.52864582381906 0.03863855151429254
93 43.59338322564972 0.042624153022336464
94 41.44970617881554 0.054290760654627984
95 34.96226729638194 0.07089457240451558
96 40.57431606701866 0.04007304510533379
97 37.49805596197864 0.05725190095271748
98 51.465220830995655 0.032689298106200554
99 36.85464169917184 0.05077820744277626
100 50.41911238295634 0.03201303556062694
101 54.069457932303365 0.03204195422362549
102 43.8815886347892 0.05530123750475589
103 34.173615283664034 0.07288722872276251
104 44.357445086153874 0.05341773112625803
105 31.50750972675719 0.06316819783833845
106 36.48453127737631 0.06477807280856003
107 38.55666887212133 0.06308743959961688
108 42.70458434105552 0.040930831591273434
109 34.851538273831316 0.057514118414941216
110 41.64020121533562 0.043220986029861276
111 41.566583439141986 0.056134254356181655
112 32.73873379840837 0.0650138307997427
113 38.29121335687699 0.05794332358906567
114 38.941151858712296 0.08335458337629265
115 38.55160406189578 0.056212140523724766
116 40.70073981481914 0.06343229235993099
117 52.259441698378744 0.03052255287821952
118 44.57926308178648 0.05334660477266029
119 42.23972082596352 0.07339614676827795
120 31.70884045596222 0.06726274767415033
121 44.71282058960561 0.050154613146155616
122 38.61510909069432 0.0792126585088696
123 39.80302540569838 0.05115211670614417
124 37.70647905253305 0.06323973836942631
125 42.363858295233165 0.04934183665287378
126 39.4709848857112 0.07317491412244004
127 41.957584287097085 0.05586561655681708
128 36.18839969995112 0.06378886288635556
129 47.98501692000915 0.03599843658667953
130 35.02622482205339 0.06981862391919391
131 43.68847472484332 0.06338247742655945
132 43.15121364418777 0.049863653501596786
133 44.96308250189218 0.052032978219740116
134 42.446938276165945 0.06697925050623905
135 40.0300061331766 0.053407847478234766
136 39.50227513909385 0.05467019854643646
137 55.664533237749495 0.03484933191960792
138 41.910418322947706 0.04122194034706447
139 35.87002853594542 0.057402812650577506
140 35.35306089635381 0.07235595957438687
141 48.61844931166664 0.047371336681870484
142 48.53704335930935 0.04169028853656782
143 34.63423932914295 0.07861438964919758
144 45.79665970712236 0.0697258212012116
145 45.92916024581231 0.04642281652019766
146 50.59905872559421 0.04949272370639793
147 46.74692500966617 0.04056817461640941
148 33.767219438097335 0.07770955441518566
149 43.24840322251656 0.04858778013781977
150 45.2917267341796 0.0416459158206708
151 41.89227256132214 0.04643213769905859
152 51.275258814350416 0.0351624023669902
153 60.59966480352998 0.027769501077031487
154 39.86954267557624 0.050679659832790915
155 41.92484199623145 0.05066976400907482
156 60.43638854770292 0.0261412093697529
157 44.898788213321396 0.059952119073188294
158 69.85270046312691 0.017932080319702004
159 42.30797802943831 0.058236772247879605
160 50.85385795134514 0.04685904158084348
161 75.73702893862333 0.015565870610274781
162 42.61455813510755 0.0482594799224649
163 40.419091377305584 0.05227124320183692
164 56.98218918218062 0.02874170869593326
165 45.46156185241823 0.0452152696258666
166 39.510847082140025 0.05332321856359107
167 45.225577485800144 0.04773611963697012
168 41.23429222451779 0.05089900181293665
169 56.37715455788336 0.03239461154013033
170 43.23711110225487 0.0515313242288461
171 51.80250540760774 0.03059003055690924
172 59.61007737687955 0.028855547730178024
173 48.610117307678244 0.03773149792317281
174 34.659888716379186 0.058920821974229
175 35.00095778618753 0.06238091474170884
176 33.92488171346294 0.0622917852281461
177 37.40142642284971 0.08467599555702446
178 37.181731012014744 0.06120561440252971
179 45.572556929407895 0.03900381263697833
180 42.49159829462942 0.042798705331033
181 46.12014481617114 0.037326784064094634
182 35.624324340857285 0.06681146276154735
183 31.56876268997545 0.07303758928464998
184 34.90267801428143 0.06948358502265822
185 34.136797514132354 0.06379431500569838
186 45.114189095062045 0.0443818159508517
187 46.94673679819201 0.039703214355581246
188 43.033059572189515 0.06586972638203085
189 46.792132436454615 0.041935409687390054
190 33.9363534672866 0.06615330889291901
191 40.69351091657221 0.042656991331291444
192 44.242880631622526 0.08385653896515173
193 42.88993975674349 0.05075954061254921
194 41.695102458681795 0.06119729706677848
195 37.85723997797165 0.07849680657128472
196 34.95721365039265 0.07319985439220045
197 31.89610611543779 0.07462290079258391
198 34.8613188705927 0.04601981687938381
199 28.894329085088813 0.08026635263886547
200 33.56073695516897 0.06981911831023892
201 52.94758005981735 0.03798035548115983
202 43.06636191580049 0.051752933253314426
203 41.92526921625923 0.05154781824819135
204 42.83445703504918 0.04677690497707222
205 53.65128133771083 0.034911026916255965
206 40.89578159736465 0.06748233162220499
207 32.56129676769125 0.06629460023249768
208 35.08943188796264 0.060530712123217034
209 34.44873146828777 0.058159145150569164
210 49.487796495000566 0.032578685655776846
211 37.83426137635093 0.05601607736299437
212 55.137742483895146 0.035308611217963595
213 49.305419023247175 0.05011345764322831
214 40.72223276995531 0.05914635036200952
215 41.36133009467939 0.05180354167462219
216 32.69935136215298 0.0727814897642871
217 33.144172528396936 0.07066191686596934
218 34.72589177763353 0.06704202992095701
219 34.148228241663446 0.061309564234568924
220 31.99666709264903 0.07293158052538509
221 34.525875951163975 0.0666645917390869
222 51.743408586461285 0.03241816727959549
223 47.99882204588558 0.03432530501506362
224 42.51863501314017 0.055383500252579515
225 33.95632263088102 0.06592887630110267
226 41.47633002520487 0.06593101682389246
227 38.78247692805856 0.04762203704288444
228 38.03987404539602 0.06675613395503982
229 31.64359888057694 0.06799029032873825
230 81.62903304171454 0.017010826343574127
231 41.73276602724373 0.05765868578880663
232 31.799660646645485 0.07466366079545826
233 41.48749274112185 0.05688911521292389
234 38.73058669574669 0.05283021474598972
235 34.98298855589929 0.07039643975342778
236 41.32111144077755 0.056698591406588596
237 45.716328723126225 0.04793427502182736
238 40.543765524225726 0.04655192090535452
239 43.558957047091226 0.051335064254120585
240 41.31433388909572 0.061681464428343574
241 44.37407385828481 0.03954021492794613
242 35.20687006054022 0.061693828909574255
243 51.76384474341824 0.03513003817874399
244 34.76377549974431 0.06816009338979728
245 41.689301790946146 0.06519923661676096
246 37.09053068069472 0.06135826981542163
247 40.73929529604226 0.05034395486486053
248 38.49793081861426 0.06849569944676692
249 50.74582079280254 0.04058509627236865
250 41.32437303907783 0.04801088793126057
251 40.165588226744696 0.046101647129267107
252 49.94237068588196 0.03604776176426985
253 53.74292705258721 0.032284018891902744
254 55.74654087837815 0.03238451973238587
255 36.871285817533256 0.06112322128159184
256 49.19393673298958 0.04588561273358552
257 38.077637086464975 0.06523701987376886
258 36.762375322830444 0.07052797144166349
259 40.932514935125816 0.06697891368244309
260 32.49956245971421 0.06780564800708158
261 44.98142887616011 0.04483288415849261
262 35.76919216035857 0.05923451208400867
263 43.21616844243317 0.03730293767143427
264 35.69714626547825 0.07423833397746478
265 34.06226358699044 0.05903550783493061
266 44.95323438499447 0.04673971342959832
267 35.09484786259372 0.06611745445456876
268 41.64055638183645 0.053217007178575595
269 42.86222522226325 0.04431386231428017
270 38.46715270440783 0.041477224838391315
271 33.01321732797561 0.06712760894792699
272 59.44105519023371 0.029365326420705225
273 42.79774496492724 0.05667588288076746
274 47.80696887533418 0.04610508042372674
275 58.71832294120901 0.026866612814268283
276 44.574902306425464 0.050838240260503056
277 39.234288540731235 0.0575794330732876
278 37.37192679844618 0.05218267976826017
279 32.48181355425571 0.07052282374817224
280 37.89090963929848 0.05653258787301369
281 37.31700330398187 0.058201361827338004
282 37.347072130009686 0.05892151913241112
283 32.691840927017374 0.06913300700189522
284 47.27485922839282 0.04911377876399353
285 34.80333103306978 0.0658240705200879
286 52.18291077780595 0.03287320747024742
287 39.50851462024312 0.05302883682068588
288 33.854242635329555 0.06359667527411425
289 40.10494934754088 0.05915412131534563
290 43.69578545943747 0.06784601486198635
291 36.16236196298078 0.06120230638703454
292 41.253617862951806 0.04095992052803117
293 49.41646474160827 0.03221269752213832
294 32.39045519680664 0.06489230042264767
295 46.29094211498306 0.043082471316727294
296 34.04337576805323 0.08032583931879553
297 36.693913626295895 0.06590908569244786
298 40.27064409985966 0.05715871423290926
299 45.63758798732446 0.05073378293198439
300 35.85606447948307 0.044552007057984094
301 48.049799626878816 0.047475981614452566
302 41.64987741265064 0.05407677486997727
303 33.94975501421297 0.06777971409147711
304 41.13891090020459 0.06020589660070441
305 40.829517540055555 0.05696930428757705
306 50.98537789169317 0.041278410766291525
307 46.07651809242963 0.05118909004629016
308 48.09419652553417 0.04824639883778254
309 29.811716216573554 0.08065626272221564
310 33.44001364714685 0.07406368350201611
311 35.58098482645517 0.06377124106787004
312 27.450395027544914 0.09030150072137214
313 30.627141822656185 0.08159238941979569
314 40.12624679365688 0.05795087458940873
315 37.4578533611952 0.0569878577816388
316 44.26674074529033 0.04862541534338743
317 49.48688127473171 0.037945381689460114
318 41.29607843012022 0.07806642725077007
319 36.73720388198262 0.05975892747321512
320 47.489935886105876 0.05194198725503804
321 38.23194865757068 0.059175711328988086
322 37.145452849107976 0.06750514303217584
323 32.56551505847023 0.07182920863926634
324 42.55068327657952 0.053454313060807515
325 58.41243281784855 0.029866321348962027
326 39.46879796264024 0.05097119696415871
327 40.52246751589328 0.06465945773379131
328 50.39079070385039 0.03229088529630615
329 34.094299652347836 0.07510443822244225
330 27.471816983332047 0.09158757760923233
331 40.75293856581454 0.06663730494189898
332 37.50225507045748 0.060269036454612825
333 33.992358360668305 0.06868967075929665
334 35.53585458100053 0.07153230340713485
335 26.874488573075986 0.08535499228876194
336 28.07755973694277 0.10289096297040848
337 32.273601999105466 0.06686578926069515
338 34.144459799262755 0.060968600300264714
339 52.99416749966046 0.034058360382241706
340 36.52475313713586 0.059323079694660816
341 54.30072017030289 0.0354565373342076
342 46.15924508168278 0.04808158104465671
343 45.054587536179 0.06316729952265344
344 47.79885354197473 0.035619167971366536
345 35.702001571409276 0.06722916285479233
346 40.545855373689186 0.05047768033136644
347 34.96339138250024 0.07630195564121879
348 47.02552624212396 0.042693189719067604
349 48.743918812214474 0.04745057909660971
350 43.93017977299509 0.035114284437209216
351 38.795761295167914 0.05696497327972531
352 39.09755058480888 0.10080066107187709
353 39.8183422498213 0.05830718036420239
354 36.54277686010455 0.08078725671948105
355 35.72006268814376 0.07331526503682857
356 47.72924611209804 0.03005477398082615
357 31.918779537238873 0.08344646906907809
358 32.82086598909951 0.08413485971011649
359 26.90130652519403 0.09516756804153777
360 24.12124695390791 0.09645619851591176
361 36.630234952850934 0.060844088750551986
362 35.52487786808405 0.07541742794367595
363 38.477784414120805 0.04951398375131708
364 29.48362252007381 0.07879823983123485
365 36.21068268396469 0.04951439182869763
366 33.148110314889905 0.06089636258068302
367 38.141338144916936 0.063456035115374
368 38.36327550253895 0.05852277555100703
369 35.774347697576765 0.06494817113935354
370 37.549743065657395 0.07143885923711878
371 45.4225389909519 0.048814175451376805
372 40.90581445520961 0.05981678065089595
373 38.996378379603165 0.07313926333074197
374 34.310836982441614 0.06128067502070364
375 50.668256294031984 0.03446943710572705
376 41.639181365502864 0.09947051157057833
377 32.07249492873538 0.06899934569363902
378 45.8900911375882 0.03591173144504625
379 30.38068854013462 0.08059404701020462
380 27.009525402116886 0.09858943480389155
381 30.08086163563807 0.07354989836768497
382 39.13689358319323 0.0501761102205185
383 39.735309027811056 0.06300990057494528
384 35.00158814428364 0.06113119964520684
385 27.40914976159404 0.09070434746882339
386 36.21211854977298 0.06728040294853879
387 28.420461533594562 0.07840219707641988
388 36.653144280635004 0.06300132389259885
389 40.07260970643088 0.040730669616199894
390 40.51183553225394 0.04273524013821951
391 41.906968968932446 0.04586443456830122
392 43.50296202377528 0.07329710590707729
393 44.282613584132754 0.04538151070106432
394 46.3104660005539 0.04415421964206716
395 38.275383049344875 0.0546006745774469
396 37.86841697594251 0.077288031345034
397 32.55181896073391 0.07561620238211894
398 56.54701823899072 0.029486510802202548
399 39.796791789154845 0.047551604372401426
400 39.98093633969822 0.061752881386211184
401 31.59020173403665 0.07901755316709791
402 29.697581976127665 0.0817730681946996
403 30.121484137047165 0.07203177858692533
404 34.90691354527926 0.06736249432436894
405 36.623981331412686 0.05249739251905838
406 34.750608029936316 0.06196912004942757
407 34.46945320484341 0.0630689628125943
408 42.11955071872066 0.0644553262142584
409 42.602119856188395 0.062280883652231285
410 35.77769225390362 0.06772724859318538
411 50.2388958369943 0.0361440688173449
412 38.07318861316279 0.09978464208754625
413 34.85770347748556 0.06685953554010177
414 50.47166016071725 0.03213713586037926
415 34.35765169622173 0.06881264411665414
416 32.514562458016215 0.07325986060357476
417 38.19485018641851 0.04520017557980943
418 40.66554550710862 0.05363082118854807
419 37.552966655608 0.06576199063242769
420 34.95537757639903 0.05388278773682438
421 30.554447618294198 0.07941993409020215
422 26.281402118665465 0.10829635985015294
423 26.332759529388454 0.0913501731001041
424 29.561733899188354 0.07359879769185275
425 29.137678288795858 0.09432249423354463
426 31.428463189909564 0.0656567650515956
427 41.437295185397936 0.05743416791317619
428 36.08724123065997 0.0674133265882003
429 40.528116820167504 0.0688895869411165
430 41.26592987002966 0.06737948711234443
431 37.7457584876497 0.060847816487634626
432 44.36376059780616 0.07485649032582241
433 32.43093501065202 0.07110067991978448
434 34.15656874673354 0.06613274399590084
435 30.558546792301506 0.06819198523824352
436 28.407167563917163 0.08608117607272135
437 31.43169358513162 0.08275227674721795
438 29.96439898592055 0.07047729654326788
439 38.20378682493153 0.05513638800510662
440 28.75165730634702 0.08331406811025868
441 28.7612146950946 0.08457684718080338
442 26.08961176692317 0.08919652436952752
443 31.55690882812005 0.07029286932427846
444 29.397776377478582 0.07165611160593792
445 32.7392949713897 0.06809693801072232
446 41.184949627741986 0.05741857125934046
447 55.114613670646 0.032141519451890234
448 32.336537648266656 0.0755294926583628
449 30.61532098069847 0.07191645549812671
450 38.881206538660685 0.07615682657530554
451 38.33835623705394 0.05418015757135688
452 40.65979574158143 0.059605915900721534
453 31.890313735364842 0.07660562826140062
454 33.90644144820964 0.08738566602888881
455 45.312975447976385 0.045719611268482896
456 24.010049938320257 0.10699618643392711
457 27.327946024423348 0.1004492513617842
458 31.225044566706863 0.08951752744035653
459 35.14647622197894 0.06265706029045459
460 38.57711333515256 0.05583703123378032
461 27.42531143725802 0.07236268244813945
462 32.02627141868386 0.08160793361349668
463 31.338540098744392 0.0841390192733989
464 33.74435054447737 0.0777517492501847
465 35.95909114740925 0.06931714605519515
466 38.364441454181495 0.06439994092613992
467 42.92298756942818 0.05311637417968792
468 32.4281172012572 0.0717630467725216
469 39.35707800479309 0.06736018813244252
470 33.02708661667354 0.08322401131907542
471 36.6636382088229 0.062243379485603864
472 35.23850885452819 0.06332058744402921
473 32.23027848515864 0.0830101815050348
474 30.370968561937215 0.07624410891979289
475 23.501736036105367 0.1040866252278055
476 27.024878461663505 0.0901793253645688
477 30.98306339611178 0.08846804398656141
478 39.59807773916984 0.05162673302551573
479 36.928057025484485 0.04938901560826637
480 34.8740374820942 0.06265044771387944
481 31.53657173597527 0.06908125159642972
482 28.71730082707182 0.08245328327727564
483 35.9338314305282 0.06443732346920147
484 38.94167349805429 0.05688552364756059
485 42.44166689360444 0.05885777583586771
486 36.68063148714517 0.062246240243567605
487 40.99133386684811 0.05486941498086589
488 36.84905564098017 0.07216233744827118
489 43.90591782137602 0.05770080681289243
490 36.837877489872476 0.06752154549013782
491 29.118925323159505 0.08236466345259458
492 34.15435192416483 0.08085705789578265
493 40.210528382145945 0.052196513043709106
494 39.61151481515986 0.04961613869525512
495 35.99332795403087 0.08047674384303824
496 31.640361852095182 0.06493952739190484
497 25.36835389432007 0.09644090907002213
498 27.05945378689288 0.09075539320783085
499 30.67317463510053 0.0865216027423303
500 37.92710017761312 0.05040019789038811
501 34.287622804982696 0.08019372237885192
502 31.885365812564228 0.0819914661207712
503 33.089764706777665 0.08258924716415032
504 30.18808718289171 0.08030790107896318
505 31.708166684840908 0.07992363289050573
506 37.217420098871294 0.04939583972021218
507 42.438700120954756 0.05040489645452259
508 27.089816633722844 0.09675929906617468
509 41.44897318369749 0.052711804464184435
510 37.4765727048178 0.05283609324534916
511 45.903545367914 0.03955281099170208
512 32.64887727405916 0.07169710962323726
513 26.449149051648302 0.08663655575996147
514 21.763137089159965 0.11559344069450592
515 24.79093624732123 0.11382669703878923
516 27.7677814497387 0.09132442540863911
517 31.23094025173601 0.0746953864413097
518 32.63918631610014 0.06819776124347249
519 31.293326042921667 0.08367499102973379
520 35.615893317841255 0.0732387455092359
521 31.145738833581724 0.09217115669829111
522 33.481612450067104 0.06770505182719712
523 32.44488476413976 0.0799039144674275
524 33.9441704221372 0.07538197766357471
525 34.96170313577234 0.07673020798800524
526 43.97507896555353 0.059705104514698744
527 49.22702903538166 0.046248005931438345
528 39.433597907081 0.05699046719583752
529 40.04451389035565 0.07129565124712053
530 33.40830538282167 0.07351800548830152
531 36.22842818465075 0.07230271528481544
532 30.23889817291326 0.09403105483490648
533 26.796181683021402 0.11323184053315982
534 30.219139880296627 0.0718365737875582
535 27.3400306080034 0.09377889098282506
536 25.458938857241485 0.10969441670368112
537 26.15819367591312 0.10112457499014996
538 39.8544647987735 0.0418235991382434
539 44.73924656952819 0.050804431752066136
540 44.732120707280515 0.04999502783047792
541 30.147376234186922 0.08063060167050314
542 38.23021994371091 0.06090557770321001
543 30.962694773713544 0.08304009265113861
544 29.673725428377526 0.07999939809865016
545 33.10253234089992 0.06522936006709626
546 45.11541591171378 0.04869667720122364
547 28.448524376578405 0.08032048881205277
548 27.237804639584283 0.08681431161126597
549 25.65476137026292 0.09509637283148711
550 29.100388587094578 0.06309425754665433
551 26.82483473077242 0.08423127900845924
552 28.54939470299012 0.07256139798652406
553 31.769141226050973 0.07556313678367489
554 34.97784799267402 0.08031975116909051
555 35.266795353829366 0.0766176417463972
556 39.402656514314614 0.047313747719587296
557 45.70700543257079 0.062225617551639564
558 34.91076236048783 0.0560341054967993
559 21.739959288840236 0.11601791338913568
560 34.584339864780034 0.05385590514267818
561 47.340678534032534 0.07370710215005422
562 33.100358752872886 0.0668720167824654
563 30.18511446561043 0.07763557349365442
564 30.367294551071172 0.08031786815274708
565 29.57165212373242 0.07829113521515503
566 43.20284254911386 0.05819687367168064
567 37.32720456221921 0.08380620314973594
568 37.55471475339099 0.05725080104480894
569 31.48371815569474 0.06877019141427802
570 26.44076805965682 0.08694962014407775
571 34.43745888169309 0.07948133639762696
572 27.84869669007108 0.08646449961089611
573 30.28163494512949 0.07950122888127374
574 36.01139744524847 0.06381828889507138
575 36.856605249549645 0.06274457577503208
576 39.47142885193698 0.0538414004240775
577 25.12510975256744 0.0949991396134468
578 31.402659208629768 0.07261613262484161
579 38.283013879762066 0.07970700059870794
580 40.34151576790124 0.05609540596681951
581 34.93138702317061 0.06902897949150619
582 41.73312571527004 0.08282818433762948
583 29.02916382027071 0.09126742859921802
584 30.42326701203438 0.08749993653133624
585 31.903580886837403 0.07612849735758578
586 31.767044704164597 0.09367983772777709
587 35.279527378925245 0.06198665870177159
588 27.964276209718452 0.07172088631519624
589 26.026379919687532 0.0831417863929965
590 32.63989836355982 0.0775872187530662
591 43.66643913516572 0.05224100451475012
592 54.89981684749161 0.030967383302864304
593 43.47154754318605 0.046070414847066525
594 41.831394421225795 0.07945882335124003
595 33.71948188765556 0.083324503946261
596 44.63873404892957 0.04456630641795844
597 45.52351512566542 0.05826767594362759
598 30.846526905420447 0.083801427751487
599 41.901368975612876 0.045257500087616795
600 32.49392636664238 0.07346431321977866
601 35.27155227384138 0.06267030266682422
602 30.907219979569323 0.06475129553452659
603 32.25736691319098 0.09179196396420831
604 35.12478206323856 0.08259512868532273
605 29.18943706006548 0.07877795023445702
606 29.91487779310687 0.06810301836881026
607 37.44231418897358 0.06427386527672918
608 52.78207660744077 0.027723669482046395
609 34.352107616920016 0.06883621218791619
610 34.538126719540024 0.05087882641915804
611 23.210235356635206 0.09363965039922349
612 28.92088354440974 0.07933400600128167
613 37.71834734880573 0.08013029392919223
614 46.851397820507465 0.04672260984411905
615 42.389290336593746 0.05869128584836887
616 55.314202709707246 0.03380654015437616
617 30.470977529213293 0.0739691945935791
618 22.795389935620733 0.11587382718169119
619 39.499714801236934 0.06279186162338878
620 41.263359402735645 0.05802960368147974
621 36.45599381870056 0.07123019333614615
622 36.250151355545455 0.07214434309634467
623 30.518512215853686 0.08364142932950425
624 31.230773486682004 0.06880848178238998
625 26.829533327008793 0.08912937630548809
626 34.7178331124177 0.07212141988358592
627 32.31727337761786 0.07106858639482137
628 43.40559422231774 0.04711048493372218
629 42.61464995242668 0.06816956389271149
630 39.23634305623253 0.06207027237225366
631 26.831500285160423 0.0901840574045724
632 22.863613701117902 0.1161448230828787
633 25.669574310172365 0.10481405294177214
634 25.01848296341217 0.09900236136164134
635 39.48819327661508 0.06046524651315548
636 39.83004353651909 0.0704218681744615
637 47.810820084614015 0.04975826458162896
638 23.211759573281917 0.11646910115462038
639 33.11239285663626 0.07184786723699114
640 25.170181123230595 0.09588712873478525
641 36.389463272736315 0.07710643982168487
642 27.971394402423964 0.06777230963535816
643 37.913405866822146 0.0679018440755318
644 26.22415692065941 0.09962844224891879
645 29.714624340491856 0.08077258247653434
646 34.39520932427539 0.06481528637922741
647 54.88651864073643 0.03081741723699657
648 41.403181021889964 0.050070456112875056
649 30.626327178874778 0.0828310852218543
650 23.982502253527265 0.09775249649361142
651 24.587646945208615 0.11467276885284254
652 26.405863696426508 0.0949322207997543
653 25.57966554654594 0.08553147778523276
654 43.60189671591073 0.08549800989778016
655 37.37321487811287 0.0631915466276158
656 32.37980494647773 0.08466488081727487
657 30.156262988779087 0.0616299157577701
658 36.49031429777417 0.06615655927161634
659 36.29810021603849 0.05224700539524428
660 32.91163028682837 0.07894034783854448
661 31.813354979478092 0.07340145241423635
662 38.97965765031795 0.07483866156199982
663 32.29472704387524 0.0815619999086904
664 27.305017604738598 0.09648788132202897
665 28.495290711716883 0.08325585915533432
666 31.645606236290785 0.09942517525625755
667 28.655715551165603 0.07102736343118433
668 29.98411683834718 0.07993167818171314
669 31.16651338406402 0.08004853914472976
670 41.720214963267665 0.05616461424833022
671 36.50832778420558 0.06538275053367722
672 33.8637011908674 0.061174361614470776
673 36.72600579463112 0.05575715973995778
674 34.46945243478547 0.06099669729426539
675 44.99720214035302 0.03469286886646243
676 27.833886723160145 0.0912268193916537
677 31.831713886654313 0.08965778369743507
678 37.3988462024818 0.07121823723461922
679 34.741927478578866 0.063521387099249
680 24.32268100574852 0.10133835544500625
681 30.562586317500504 0.09409755732136403
682 29.326169361175126 0.08129381145700224
683 53.49938913452091 0.03519315875926816
684 47.42722057326727 0.043375477876618974
685 38.23679333701016 0.07004168708860574
686 30.2498977417919 0.09095996793567143
687 34.698714654920565 0.0573405078841452
688 34.6326144085947 0.06540538212991738
689 48.44377109184102 0.047395046815906935
690 35.74300006805025 0.058370067751103816
691 45.42985905147433 0.05659898989249753
692 40.64025922702381 0.05978033052722587
693 31.928081435121566 0.06446916862792101
694 34.469996377307396 0.0708334501559816
695 41.79364525703586 0.05594124015092233
696 31.953814254072086 0.0822026174159585
697 32.05143607199944 0.07274528231527766
698 38.837567750618256 0.06559768720899792
699 37.73875622994822 0.06093352594383534
700 33.10015325344192 0.0812292812436633
701 30.26352220119944 0.0725398015396622
702 38.87554919888056 0.06253597260419072
703 32.30925576392419 0.08633371633571844
704 29.029484160724945 0.07750180558311381
705 26.99193309700351 0.10052709269253939
706 38.61677355395261 0.058661049634118716
707 35.55126646053088 0.046911567923357086
708 36.68728988916528 0.05861410158655325
709 27.54008860753418 0.0814672452001657
710 27.884916716499518 0.0884710108042148
711 36.04154848402854 0.0666367282483602
712 31.789448221478356 0.08379126519753663
713 42.21264028427521 0.0476410655005194
714 35.11501349693965 0.07488975827838062
715 53.15656525801388 0.03408225639831458
716 42.083312367052116 0.05067860661386479
717 32.903246081668094 0.08307888481339748
718 35.932289050232754 0.06947569533676617
719 30.899766882189176 0.07654285995769686
720 28.547999964607012 0.055807507994544536
721 33.19911119261349 0.0756371881521863
722 30.976879025110346 0.06228535756895344
723 42.105701241698654 0.054184475809484524
724 33.383651383641926 0.07433030455074627
725 56.40796949826236 0.02884520595180324
726 36.695034844668776 0.06297859077623798
727 31.876412233232863 0.07475672116719141
728 29.04255773896195 0.06947182367443981
729 33.02354404761444 0.06450962743811679
730 26.43800621619208 0.10859984449958872
731 28.511211496115298 0.08342151545800155
732 29.221393303962532 0.08225389386297081
733 30.354874362905473 0.08561967157762207
734 30.497368988390107 0.07441580050875347
735 42.87179718948193 0.07084479341463422
736 32.79473941535704 0.06579921240840382
737 28.21142438184713 0.09002076167601299
738 29.41457416218658 0.0891811602895188
739 37.712906415375926 0.0721377730389403
740 34.97661852869718 0.0600280906099546
741 33.43416283506108 0.070527534071075
742 28.376207941096563 0.08867892242583139
743 30.604439076684535 0.08158492245334521
744 27.037439577193876 0.08331556785885644
745 46.83643598549613 0.04961825547369087
746 45.0427970365461 0.04933227769974747
747 40.11143826086524 0.05665806236407736
748 37.871530879709816 0.05392567466097973
749 28.16230596401606 0.09340462294108604
750 36.73039284876458 0.07222040452458692
751 45.06022156540078 0.038681113335326436
752 31.06286189206714 0.08050627492205194
753 34.82549772340162 0.060858638178645307
754 37.06804426124715 0.05818368067563946
755 30.212402649992494 0.08362716606625765
756 42.8597403793876 0.0702697687488724
757 41.20844212896485 0.06600784430071116
758 39.07758390838782 0.05421868499524806
759 31.330475291716564 0.07685113445696425
760 36.698751573569766 0.06758148674865422
761 31.01834364070044 0.08236367175458205
762 28.18894458480608 0.08091294881502954
763 38.49731650984188 0.04888690352907365
764 30.110115930356642 0.07948451634965134
765 40.81573763618779 0.06565328601949384
766 36.829267663906485 0.0617355940155979
767 31.62157344759351 0.08511293653277333
768 29.473665942953982 0.08248839081761349
769 32.287899833093725 0.08491755412396126
770 37.39560859461404 0.07026355074569603
771 35.54776027717606 0.07457349098634523
772 29.331011593075683 0.07716769518682053
773 31.836131235004466 0.08876312867226116
774 30.370751024998306 0.0775388505231545
775 35.12609307699672 0.0644686143171086
776 37.47840034027059 0.07044041808780199
777 31.71852456198702 0.07476961555708757
778 33.035974590118954 0.07277230308787942
779 28.93124162267614 0.087263015515202
780 26.956534560104508 0.10398448742024571
781 35.556074037160556 0.0787654770236819
782 34.04335716601927 0.07195307406604814
783 38.64300733606886 0.05931846848315683
784 27.68894799692333 0.09311321264433157
785 35.695528296649044 0.06554951768677303
786 29.12962517572684 0.08434371087472466
787 31.16897728126883 0.06162422599251974
788 29.68711477763869 0.0794891577416481
789 31.308855104270155 0.07802190794088323
790 26.333555652032064 0.08879320996305418
791 39.375698633853716 0.03874379859155748
792 41.00015446028384 0.05375831266478762
793 34.778874589155386 0.059935945216701786
794 31.250080685744503 0.0676050744758758
795 28.272134688409842 0.07807519023289529
796 33.39668348881326 0.0834930837049285
797 26.20266880232917 0.0982178086483312
798 42.22895842511043 0.058356228052898626
799 34.698368001237036 0.06189735155051043
800 31.734215022623538 0.08347908295409494
801 41.312375932465585 0.06409325538130803
802 32.96601194028081 0.08440712606624401
803 34.012878961672925 0.06421446968086678
804 34.24169994182184 0.07000999086174005
805 39.48218957156054 0.05159626137401177
806 37.33652765111346 0.06381708817552989
807 32.30644679286234 0.09604654096497646
808 25.54780861755232 0.09880618203515701
809 29.05128604049344 0.07477957437615139
810 39.11975153998515 0.05945928848610764
811 37.99407112831161 0.062336606558664256
812 36.80609458949084 0.06329564408557053
813 35.4442211910034 0.06293765593310184
814 34.23204900045852 0.05698297522761133
815 34.792240729817806 0.07093381361673562
816 32.60664254417492 0.06959792255288073
817 34.8938470812048 0.07008573991562633
818 37.11534318178644 0.05522731616400939
819 31.66946695287993 0.07884399445550798
820 25.601761021583638 0.09724998717193854
821 31.736648803515408 0.09032871080754232
822 39.998333349482344 0.08056980488816323
823 66.29924151281323 0.021111768145503043
824 28.685380820511625 0.09124892233362285
825 29.451404481223584 0.07565242063783019
826 26.38345860856179 0.08760608683504233
827 26.142641608823954 0.09333638770494646
828 39.53053826922475 0.0571214546338948
829 37.38363887144846 0.05979836685584242
830 33.150608659399275 0.06581874199393031
831 43.521299208870204 0.05153744656319195
832 32.07642271518335 0.0603615670601304
833 41.44708428534374 0.058555787733132816
834 34.79655101589282 0.06467155445068462
835 30.791081795657238 0.09400188549860511
836 36.73732500654217 0.0714446610008165
837 33.41340072101179 0.057523120176207886
838 35.20327829749351 0.06655436402141676
839 38.3147032103923 0.06610465693458789
840 37.59716861862396 0.05647894326524743
841 32.98715579418643 0.06468123215766067
842 30.191583535155647 0.08747191310385259
843 27.405003374182833 0.09270464864865802
844 32.54476579865508 0.07717204831417133
845 35.252163336195764 0.09012491019473758
846 30.5199144449428 0.07342882429898061
847 35.1127847528499 0.05952758480414534
848 32.65137391538834 0.07616863276975328
849 32.320298844678895 0.07615986569956301
850 32.91078852927937 0.08019923039886227
851 33.8300586501444 0.0704256154804228
852 37.41665982780055 0.08278346886208003
853 45.85505926360641 0.040835426135681585
854 48.89836260015449 0.03418103303506459
855 33.25933780957676 0.0760877051718193
856 23.31336563311383 0.10575225728583099
857 28.179583398564237 0.09197287161052922
858 30.6752553643281 0.08065031750342054
859 30.9585778598209 0.08477823618480433
860 37.67594494251217 0.056511371911179276
861 31.52153552482457 0.08757493363677492
862 53.01178484731116 0.03060424158054123
863 36.12739332111534 0.057711696517096664
864 28.5025634379134 0.0920589553499265
865 26.45263085537529 0.10559549982618427
866 43.466082377788844 0.05966991801356718
867 38.52325087813448 0.05975928151508633
868 38.50301156750601 0.05804039046440297
869 29.614898636907657 0.08567393855304989
870 38.050434201389926 0.06411254933691751
871 44.33690471541131 0.0611146571174472
872 30.042788474681316 0.08624328743556783
873 30.521410908573348 0.0889960258361968
874 44.82910190334535 0.04797952562667598
875 46.48597589961347 0.0524100979333139
876 47.54320428862161 0.04814043686996142
877 25.942184390977364 0.10962152979989896
878 26.076375016696836 0.10399574590439185
879 28.23755048828285 0.08169824514956336
880 28.281546193532858 0.0980807257357565
881 36.19349117861547 0.05924447563139591
882 31.11246559696466 0.10531461003721992
883 29.417655217349942 0.08029837016136285
884 53.250432112400695 0.031146564600573017
885 28.883122468931514 0.09310285018320372
886 28.517303262748072 0.09553308441468916
887 31.15011137003329 0.06083804074120132
888 31.076413351386243 0.07512320739056698
889 35.905310697747424 0.05196263594744652
890 37.922641040966134 0.05474881234357751
891 31.986784837814863 0.07630311152470319
892 40.0521232393584 0.04280815549939169
893 35.21408796406816 0.07129247852000276
894 41.82538382143918 0.06697664052778146
895 70.8454286584115 0.020865583869633546
896 31.270455418467257 0.08061474994884926
897 24.682925699281622 0.10512741558666058
898 27.546589488903894 0.09262865133825103
899 30.042770408143888 0.08208011467112142
900 39.70793634480646 0.07240971161017878
901 33.6623484840618 0.06371517311444232
902 32.033916872304715 0.0945612721916558
903 32.01554412512667 0.06960240297404005
904 43.73112492197445 0.09114130466932496
905 42.85123917808014 0.04799504966696133
906 36.73636049896976 0.05358384423159534
907 48.565828322603195 0.04910519837027604
908 32.38476229347283 0.07866970364499418
909 41.53734458666939 0.06309149619017881
910 31.724839513393405 0.08053521152894698
911 41.523977438552116 0.07105344800172277
912 42.25918176825384 0.061954137612573526
913 48.81493459831789 0.06816255824528868
914 41.185853211619886 0.05193034214562503
915 49.3867075398409 0.05325852976557577
916 44.18364421527375 0.050812846210105574
917 43.46947497841823 0.059769908391521624
918 42.611989081866675 0.04850116381539364
919 42.79289193856651 0.06892055109186201
920 35.383442611328945 0.0647888656090457
