176 145
44 146 0.8 1 0.1 0.0191 0.0239 0.01 W 143.7357 0.7053
46 140 0.8 1 0.1 0.0191 0.0239 0.01 W 272.6442 0.7637
46 142 0.8 1 0.1 0.0191 0.0239 0.01 W 209.6988 0.7769
46 148 0.8 1 0.1 0.0191 0.0239 0.01 W 101.8934 0.75
46 149 0.8 1 0.1 0.0191 0.0239 0.01 W 77.9441 0.388
47 140 0.8 1 0.1 0.0191 0.0239 0.01 W 148.3944 0.5116
47 147 0.8 1 0.1 0.0191 0.0239 0.01 W 246.5981 1.5396
47 148 0.8 1 0.1 0.0191 0.0239 0.01 W 260.1674 0.7972
47 149 0.8 1 0.1 0.0191 0.0239 0.01 W 162.2186 0.8106
48 140 0.8 1 0.1 0.0191 0.0239 0.01 W 293.6929 0.9667
48 147 0.8 1 0.1 0.0191 0.0239 0.01 W 247.6397 0.8643
48 149 0.8 1 0.1 0.0191 0.0239 0.01 W 101.711 0.655
49 140 0.8 1 0.1 0.0191 0.0239 0.01 W 90.2737 0.4826
49 141 0.8 1 0.1 0.0191 0.0239 0.01 W 125.1428 0.7839
49 149 0.8 1 0.1 0.0191 0.0239 0.01 W 123.2909 0.7703
49 150 0.8 1 0.1 0.0191 0.0239 0.01 W 147.3407 0.5776
50 141 0.8 1 0.1 0.0191 0.0239 0.01 W 277.362 0.9721
50 150 0.8 1 0.1 0.0191 0.0239 0.01 W 149.0137 0.6827
51 111 0.8 1 0.1 0.0191 0.0239 0.01 W 267.9689 0.6837
56 114 0.8 1 0.1 0.0191 0.0239 0.01 W 193.3625 0.6948
57 100 0.8 1 0.1 0.0191 0.0239 0.01 W 121.4202 0.4518
57 130 0.8 1 0.1 0.0191 0.0239 0.01 W 173.0377 0.6451
57 134 0.8 1 0.1 0.0191 0.0239 0.01 W 152.9809 0.6889
58 85 0.8 1 0.1 0.0191 0.0239 0.01 W 66.845 0.4764
58 100 0.8 1 0.1 0.0191 0.0239 0.01 W 303.9872 1.0251
58 101 0.8 1 0.1 0.0191 0.0239 0.01 W 294.2584 1.27
58 102 0.8 1 0.1 0.0191 0.0239 0.01 W 242.4156 0.9989
58 113 0.8 1 0.1 0.0191 0.0239 0.01 W 127.1331 0.6035
59 82 0.8 1 0.1 0.0191 0.0239 0.01 W 150.9573 1.1886
59 83 0.8 1 0.1 0.0191 0.0239 0.01 W 133.5804 0.8073
59 84 0.8 1 0.1 0.0191 0.0239 0.01 W 35.1422 0.3935
59 86 0.8 1 0.1 0.0191 0.0239 0.01 W 120.7705 0.6209
59 90 0.8 1 0.1 0.0191 0.0239 0.01 W 95.1025 0.4215
59 95 0.8 1 0.1 0.0191 0.0239 0.01 W 143.3357 0.558
59 99 0.8 1 0.1 0.0191 0.0239 0.01 W 224.8792 0.93
59 100 0.8 1 0.1 0.0191 0.0239 0.01 W 258.4542 0.8224
59 101 0.8 1 0.1 0.0191 0.0239 0.01 W 178.9711 0.6845
59 102 0.8 1 0.1 0.0191 0.0239 0.01 W 142.0017 0.5815
59 125 0.8 1 0.1 0.0191 0.0239 0.01 W 314.5213 1.0426
59 128 0.8 1 0.1 0.0191 0.0239 0.01 W 264.636 0.7875
60 82 0.8 1 0.1 0.0191 0.0239 0.01 W 82.3115 0.423
60 83 0.8 1 0.1 0.0191 0.0239 0.01 W 162.0366 0.7929
60 89 0.8 1 0.1 0.0191 0.0239 0.01 W 198.4478 0.7687
60 94 0.8 1 0.1 0.0191 0.0239 0.01 W 155.1036 0.607
60 95 0.8 1 0.1 0.0191 0.0239 0.01 W 71.6311 0.8489
60 96 0.8 1 0.1 0.0191 0.0239 0.01 W 150.9682 0.5845
60 99 0.8 1 0.1 0.0191 0.0239 0.01 W 319.1771 1.2507
60 103 0.8 1 0.1 0.0191 0.0239 0.01 W 339.3787 1.0514
61 84 0.8 1 0.1 0.0191 0.0239 0.01 W 258.9221 0.8383
61 85 0.8 1 0.1 0.0191 0.0239 0.01 W 191.0262 0.6143
61 94 0.8 1 0.1 0.0191 0.0239 0.01 W 101.3714 0.8474
61 96 0.8 1 0.1 0.0191 0.0239 0.01 W 162.6763 0.6712
61 100 0.8 1 0.1 0.0191 0.0239 0.01 W 145.1095 0.8532
61 103 0.8 1 0.1 0.0191 0.0239 0.01 W 292.6054 1.2121
61 142 0.8 1 0.1 0.0191 0.0239 0.01 W 347.5113 0.9066
61 153 0.8 1 0.1 0.0191 0.0239 0.01 W 136.3664 0.5832
62 96 0.8 1 0.1 0.0191 0.0239 0.01 W 140.3533 0.6664
62 144 0.8 1 0.1 0.0191 0.0239 0.01 W 184.9268 1.3123
63 99 0.8 1 0.1 0.0191 0.0239 0.01 W 146.9669 0.5972
63 104 0.8 1 0.1 0.0191 0.0239 0.01 W 187.3097 0.6025
63 145 0.8 1 0.1 0.0191 0.0239 0.01 W 263.285 0.9665
63 148 0.8 1 0.1 0.0191 0.0239 0.01 W 274.247 1.5599
64 95 0.8 1 0.1 0.0191 0.0239 0.01 W 111.4164 0.4661
64 104 0.8 1 0.1 0.0191 0.0239 0.01 W 224.0677 0.9778
64 105 0.8 1 0.1 0.0191 0.0239 0.01 W 313.5296 0.7413
64 117 0.8 1 0.1 0.0191 0.0239 0.01 W 198.4922 0.8454
64 145 0.8 1 0.1 0.0191 0.0239 0.01 W 350.8965 1.081
64 150 0.8 1 0.1 0.0191 0.0239 0.01 W 169.3257 0.638
65 102 0.8 1 0.1 0.0191 0.0239 0.01 W 309.17 1.2664
65 103 0.8 1 0.1 0.0191 0.0239 0.01 W 179.2576 0.8208
65 106 0.8 1 0.1 0.0191 0.0239 0.01 W 169.7506 0.8616
65 107 0.8 1 0.1 0.0191 0.0239 0.01 W 214.5336 0.6442
65 152 0.8 1 0.1 0.0191 0.0239 0.01 W 306.3598 0.8868
66 94 0.8 1 0.1 0.0191 0.0239 0.01 W 114.4888 1.0003
66 102 0.8 1 0.1 0.0191 0.0239 0.01 W 140.0189 0.8519
66 107 0.8 1 0.1 0.0191 0.0239 0.01 W 184.6907 0.5407
66 109 0.8 1 0.1 0.0191 0.0239 0.01 W 164.0239 0.8778
66 110 0.8 1 0.1 0.0191 0.0239 0.01 W 86.7507 0.7824
66 148 0.8 1 0.1 0.0191 0.0239 0.01 W 97.4125 0.4568
66 155 0.8 1 0.1 0.0191 0.0239 0.01 W 138.573 0.665
67 102 0.8 1 0.1 0.0191 0.0239 0.01 W 333.9526 1.3616
67 104 0.8 1 0.1 0.0191 0.0239 0.01 W 213.4334 0.6624
67 109 0.8 1 0.1 0.0191 0.0239 0.01 W 189.5415 0.9989
67 146 0.8 1 0.1 0.0191 0.0239 0.01 W 162.4213 0.6166
67 148 0.8 1 0.1 0.0191 0.0239 0.01 W 233.6142 0.8707
67 153 0.8 1 0.1 0.0191 0.0239 0.01 W 344.3049 0.9314
68 101 0.8 1 0.1 0.0191 0.0239 0.01 W 247.2678 1.1379
68 104 0.8 1 0.1 0.0191 0.0239 0.01 W 283.3178 0.7142
68 106 0.8 1 0.1 0.0191 0.0239 0.01 W 191.1987 0.5232
68 107 0.8 1 0.1 0.0191 0.0239 0.01 W 244.7032 0.8008
68 108 0.8 1 0.1 0.0191 0.0239 0.01 W 128.5818 0.9768
68 147 0.8 1 0.1 0.0191 0.0239 0.01 W 286.2193 0.7456
69 108 0.8 1 0.1 0.0191 0.0239 0.01 W 95.7756 0.7143
69 109 0.8 1 0.1 0.0191 0.0239 0.01 W 265.4703 1.0128
69 148 0.8 1 0.1 0.0191 0.0239 0.01 W 129.9816 0.5349
70 105 0.8 1 0.1 0.0191 0.0239 0.01 W 118.4014 0.8959
70 106 0.8 1 0.1 0.0191 0.0239 0.01 W 166.4782 0.6551
70 108 0.8 1 0.1 0.0191 0.0239 0.01 W 112.8256 1.0727
71 102 0.8 1 0.1 0.0191 0.0239 0.01 W 87.6556 0.5222
71 106 0.8 1 0.1 0.0191 0.0239 0.01 W 109.7439 0.6931
71 107 0.8 1 0.1 0.0191 0.0239 0.01 W 158.9889 0.8134
71 108 0.8 1 0.1 0.0191 0.0239 0.01 W 131.2282 0.8677
71 109 0.8 1 0.1 0.0191 0.0239 0.01 W 387.7931 1.5659
71 110 0.8 1 0.1 0.0191 0.0239 0.01 W 278.9095 1.1
71 129 0.8 1 0.1 0.0191 0.0239 0.01 W 254.0073 1.2061
72 103 0.8 1 0.1 0.0191 0.0239 0.01 W 241.2418 1.1307
72 106 0.8 1 0.1 0.0191 0.0239 0.01 W 233.5657 0.9854
72 109 0.8 1 0.1 0.0191 0.0239 0.01 W 227.4582 0.9567
72 119 0.8 1 0.1 0.0191 0.0239 0.01 W 225.2206 0.8038
72 120 0.8 1 0.1 0.0191 0.0239 0.01 W 182.7238 0.91
72 145 0.8 1 0.1 0.0191 0.0239 0.01 W 128.183 0.6641
73 102 0.8 1 0.1 0.0191 0.0239 0.01 W 215.7385 1.3628
73 103 0.8 1 0.1 0.0191 0.0239 0.01 W 196.8252 1.2443
73 104 0.8 1 0.1 0.0191 0.0239 0.01 W 148.607 1.0087
73 105 0.8 1 0.1 0.0191 0.0239 0.01 W 253.347 0.7634
73 107 0.8 1 0.1 0.0191 0.0239 0.01 W 179.7903 1.0539
73 120 0.8 1 0.1 0.0191 0.0239 0.01 W 224.9017 1.0849
73 142 0.8 1 0.1 0.0191 0.0239 0.01 W 247.6501 1.0529
74 103 0.8 1 0.1 0.0191 0.0239 0.01 W 157.913 0.7988
74 104 0.8 1 0.1 0.0191 0.0239 0.01 W 161.1208 0.9377
74 131 0.8 1 0.1 0.0191 0.0239 0.01 W 146.5836 0.7098
74 144 0.8 1 0.1 0.0191 0.0239 0.01 W 23.9222 0.4769
75 87 0.8 1 0.1 0.0191 0.0239 0.01 W 136.5385 0.7935
75 106 0.8 1 0.1 0.0191 0.0239 0.01 W 188.4003 0.7895
75 107 0.8 1 0.1 0.0191 0.0239 0.01 W 183.1683 0.6987
76 74 0.8 1 0.1 0.0191 0.0239 0.01 W 169.2693 0.7679
76 105 0.8 1 0.1 0.0191 0.0239 0.01 W 200.9457 0.8376
76 108 0.8 1 0.1 0.0191 0.0239 0.01 W 236.2432 0.5251
76 140 0.8 1 0.1 0.0191 0.0239 0.01 W 233.6344 1.13
76 143 0.8 1 0.1 0.0191 0.0239 0.01 W 292.5137 1.0913
76 144 0.8 1 0.1 0.0191 0.0239 0.01 W 290.6792 0.7835
77 73 0.8 1 0.1 0.0191 0.0239 0.01 W 103.8622 0.56
77 75 0.8 1 0.1 0.0191 0.0239 0.01 W 188.6057 1.4865
77 76 0.8 1 0.1 0.0191 0.0239 0.01 W 265.4678 0.8524
77 97 0.8 1 0.1 0.0191 0.0239 0.01 W 217.6804 0.8443
77 98 0.8 1 0.1 0.0191 0.0239 0.01 W 115.8352 0.7469
77 129 0.8 1 0.1 0.0191 0.0239 0.01 W 279.8369 0.8539
77 130 0.8 1 0.1 0.0191 0.0239 0.01 W 306.1141 0.7077
77 142 0.8 1 0.1 0.0191 0.0239 0.01 W 165.0146 0.5726
77 143 0.8 1 0.1 0.0191 0.0239 0.01 W 208.1905 0.5764
78 73 0.8 1 0.1 0.0191 0.0239 0.01 W 238.0897 0.7359
78 77 0.8 1 0.1 0.0191 0.0239 0.01 W 148.4137 0.8021
78 85 0.8 1 0.1 0.0191 0.0239 0.01 W 158.0068 0.5805
78 88 0.8 1 0.1 0.0191 0.0239 0.01 W 197.8318 0.9127
78 89 0.8 1 0.1 0.0191 0.0239 0.01 W 253.3678 1.0938
78 97 0.8 1 0.1 0.0191 0.0239 0.01 W 122.8755 0.7307
78 98 0.8 1 0.1 0.0191 0.0239 0.01 W 148.9131 0.6981
78 100 0.8 1 0.1 0.0191 0.0239 0.01 W 270.3734 1.0543
78 102 0.8 1 0.1 0.0191 0.0239 0.01 W 197.1796 0.5724
78 129 0.8 1 0.1 0.0191 0.0239 0.01 W 121.6209 0.6297
78 130 0.8 1 0.1 0.0191 0.0239 0.01 W 270.8904 0.8244
79 75 0.8 1 0.1 0.0191 0.0239 0.01 W 299.8059 0.8059
79 76 0.8 1 0.1 0.0191 0.0239 0.01 W 145.3303 0.7685
79 77 0.8 1 0.1 0.0191 0.0239 0.01 W 183.2075 0.7882
79 98 0.8 1 0.1 0.0191 0.0239 0.01 W 126.5394 0.6507
79 99 0.8 1 0.1 0.0191 0.0239 0.01 W 222.2375 0.7589
80 77 0.8 1 0.1 0.0191 0.0239 0.01 W 194.4063 0.6997
80 78 0.8 1 0.1 0.0191 0.0239 0.01 W 194.3472 0.6717
80 86 0.8 1 0.1 0.0191 0.0239 0.01 W 154.2552 0.9706
80 87 0.8 1 0.1 0.0191 0.0239 0.01 W 135.9045 0.8499
80 129 0.8 1 0.1 0.0191 0.0239 0.01 W 115.755 0.721
81 74 0.8 1 0.1 0.0191 0.0239 0.01 W 254.8409 0.6602
81 75 0.8 1 0.1 0.0191 0.0239 0.01 W 161.1699 0.6956
81 87 0.8 1 0.1 0.0191 0.0239 0.01 W 456.2115 1.2393
81 90 0.8 1 0.1 0.0191 0.0239 0.01 W 85.5272 0.4176
81 96 0.8 1 0.1 0.0191 0.0239 0.01 W 299.3667 0.9012
82 74 0.8 1 0.1 0.0191 0.0239 0.01 W 239.4005 1.2748
82 75 0.8 1 0.1 0.0191 0.0239 0.01 W 200.7435 0.5836
82 87 0.8 1 0.1 0.0191 0.0239 0.01 W 147.0102 0.5589
82 88 0.8 1 0.1 0.0191 0.0239 0.01 W 182.5878 0.9174
82 89 0.8 1 0.1 0.0191 0.0239 0.01 W 108.6621 0.7318
82 96 0.8 1 0.1 0.0191 0.0239 0.01 W 292.5036 1.0347
82 101 0.8 1 0.1 0.0191 0.0239 0.01 W 206.6213 0.8059
83 80 0.8 1 0.1 0.0191 0.0239 0.01 W 119.8851 0.5162
83 102 0.8 1 0.1 0.0191 0.0239 0.01 W 211.663 0.623
84 81 0.8 1 0.1 0.0191 0.0239 0.01 W 322.0796 0.8991
84 84 0.8 1 0.1 0.0191 0.0239 0.01 W 243.5685 0.6754
84 89 0.8 1 0.1 0.0191 0.0239 0.01 W 117.9146 0.6095
84 98 0.8 1 0.1 0.0191 0.0239 0.01 W 146.8909 0.8629
84 105 0.8 1 0.1 0.0191 0.0239 0.01 W 217.7667 0.7511
84 141 0.8 1 0.1 0.0191 0.0239 0.01 W 94.2 0.4173
85 78 0.8 1 0.1 0.0191 0.0239 0.01 W 127.7644 0.8685
85 79 0.8 1 0.1 0.0191 0.0239 0.01 W 149.0593 0.7438
85 87 0.8 1 0.1 0.0191 0.0239 0.01 W 125.0401 0.5496
85 102 0.8 1 0.1 0.0191 0.0239 0.01 W 357.2927 1.1468
85 150 0.8 1 0.1 0.0191 0.0239 0.01 W 126.342 0.5214
86 79 0.8 1 0.1 0.0191 0.0239 0.01 W 244.3162 1.4241
86 103 0.8 1 0.1 0.0191 0.0239 0.01 W 311.6947 0.9101
86 137 0.8 1 0.1 0.0191 0.0239 0.01 W 250.1097 1.3773
87 80 0.8 1 0.1 0.0191 0.0239 0.01 W 112.0926 0.6083
87 81 0.8 1 0.1 0.0191 0.0239 0.01 W 208.496 0.6364
87 82 0.8 1 0.1 0.0191 0.0239 0.01 W 104.9041 0.5259
87 83 0.8 1 0.1 0.0191 0.0239 0.01 W 254.4306 0.7186
87 102 0.8 1 0.1 0.0191 0.0239 0.01 W 205.7735 0.6044
87 146 0.8 1 0.1 0.0191 0.0239 0.01 W 230.0447 0.9232
88 82 0.8 1 0.1 0.0191 0.0239 0.01 W 174.566 1.1225
88 83 0.8 1 0.1 0.0191 0.0239 0.01 W 99.7987 0.7613
88 85 0.8 1 0.1 0.0191 0.0239 0.01 W 210.0962 0.7892
88 146 0.8 1 0.1 0.0191 0.0239 0.01 W 203.8467 0.6821
89 82 0.8 1 0.1 0.0191 0.0239 0.01 W 136.4934 0.6256
89 83 0.8 1 0.1 0.0191 0.0239 0.01 W 86.8806 0.5834
89 84 0.8 1 0.1 0.0191 0.0239 0.01 W 139.1884 0.6775
89 85 0.8 1 0.1 0.0191 0.0239 0.01 W 141.963 0.9462
89 92 0.8 1 0.1 0.0191 0.0239 0.01 W 13.6 0.657
89 96 0.8 1 0.1 0.0191 0.0239 0.01 W 144.7897 0.6273
89 101 0.8 1 0.1 0.0191 0.0239 0.01 W 192.9723 0.7004
89 102 0.8 1 0.1 0.0191 0.0239 0.01 W 173.6258 0.7691
89 138 0.8 1 0.1 0.0191 0.0239 0.01 W 238.7099 0.6902
90 58 0.8 1 0.1 0.0191 0.0239 0.01 W 435.123 1.0131
90 92 0.8 1 0.1 0.0191 0.0239 0.01 W 6.0817 0.4802
91 58 0.8 1 0.1 0.0191 0.0239 0.01 W 139.4071 0.5238
91 100 0.8 1 0.1 0.0191 0.0239 0.01 W 329.7096 0.9551
92 56 0.8 1 0.1 0.0191 0.0239 0.01 W 143.8594 0.5034
92 94 0.8 1 0.1 0.0191 0.0239 0.01 W 70.6246 0.4098
92 100 0.8 1 0.1 0.0191 0.0239 0.01 W 223.1912 0.8736
92 101 0.8 1 0.1 0.0191 0.0239 0.01 W 342.4372 0.834
92 137 0.8 1 0.1 0.0191 0.0239 0.01 W 239.8107 1.7821
93 56 0.8 1 0.1 0.0191 0.0239 0.01 W 207.7662 0.7689
93 68 0.8 1 0.1 0.0191 0.0239 0.01 W 159.2317 0.6741
93 69 0.8 1 0.1 0.0191 0.0239 0.01 W 131.2332 0.5625
93 102 0.8 1 0.1 0.0191 0.0239 0.01 W 263.6166 0.6539
93 131 0.8 1 0.1 0.0191 0.0239 0.01 W 333.0486 1.1403
93 137 0.8 1 0.1 0.0191 0.0239 0.01 W 85.8203 0.4472
93 140 0.8 1 0.1 0.0191 0.0239 0.01 W 225.1281 0.9815
94 70 0.8 1 0.1 0.0191 0.0239 0.01 W 198.4386 0.7755
94 98 0.8 1 0.1 0.0191 0.0239 0.01 W 226.3979 0.8876
94 99 0.8 1 0.1 0.0191 0.0239 0.01 W 186.2896 0.8443
94 116 0.8 1 0.1 0.0191 0.0239 0.01 W 180.0502 0.7755
95 98 0.8 1 0.1 0.0191 0.0239 0.01 W 94.8903 0.5644
95 101 0.8 1 0.1 0.0191 0.0239 0.01 W 96.695 0.7818
95 102 0.8 1 0.1 0.0191 0.0239 0.01 W 242.7092 1.0577
96 98 0.8 1 0.1 0.0191 0.0239 0.01 W 159.7854 0.6178
96 99 0.8 1 0.1 0.0191 0.0239 0.01 W 123.1621 0.7378
96 100 0.8 1 0.1 0.0191 0.0239 0.01 W 109.2957 0.7922
96 107 0.8 1 0.1 0.0191 0.0239 0.01 W 169.8976 0.923
96 135 0.8 1 0.1 0.0191 0.0239 0.01 W 245.9213 0.9414
96 140 0.8 1 0.1 0.0191 0.0239 0.01 W 90.6215 0.5668
97 64 0.8 1 0.1 0.0191 0.0239 0.01 W 166.6704 0.638
97 69 0.8 1 0.1 0.0191 0.0239 0.01 W 85.4845 0.4976
97 70 0.8 1 0.1 0.0191 0.0239 0.01 W 85.8301 0.4394
97 71 0.8 1 0.1 0.0191 0.0239 0.01 W 148.0097 0.7193
97 72 0.8 1 0.1 0.0191 0.0239 0.01 W 146.9525 0.5617
97 74 0.8 1 0.1 0.0191 0.0239 0.01 W 179.9051 0.467
97 99 0.8 1 0.1 0.0191 0.0239 0.01 W 184.2111 0.7991
97 146 0.8 1 0.1 0.0191 0.0239 0.01 W 306.1334 0.8909
98 69 0.8 1 0.1 0.0191 0.0239 0.01 W 33.6828 0.3969
98 70 0.8 1 0.1 0.0191 0.0239 0.01 W 153.9838 0.7167
98 71 0.8 1 0.1 0.0191 0.0239 0.01 W 225.0857 0.9858
98 72 0.8 1 0.1 0.0191 0.0239 0.01 W 127.0256 0.8586
98 99 0.8 1 0.1 0.0191 0.0239 0.01 W 130.889 0.6518
98 100 0.8 1 0.1 0.0191 0.0239 0.01 W 260.9796 1.071
98 101 0.8 1 0.1 0.0191 0.0239 0.01 W 275.556 1.0394
98 132 0.8 1 0.1 0.0191 0.0239 0.01 W 201.9973 0.8827
98 134 0.8 1 0.1 0.0191 0.0239 0.01 W 219.9585 1.0929
99 66 0.8 1 0.1 0.0191 0.0239 0.01 W 85.235 0.4862
99 67 0.8 1 0.1 0.0191 0.0239 0.01 W 68.4419 0.5643
99 68 0.8 1 0.1 0.0191 0.0239 0.01 W 54.4428 0.4763
99 70 0.8 1 0.1 0.0191 0.0239 0.01 W 189.9237 0.5182
99 71 0.8 1 0.1 0.0191 0.0239 0.01 W 191.6883 0.8953
99 72 0.8 1 0.1 0.0191 0.0239 0.01 W 94.6955 0.5423
99 76 0.8 1 0.1 0.0191 0.0239 0.01 W 267.0634 0.7711
99 83 0.8 1 0.1 0.0191 0.0239 0.01 W 208.2665 0.7137
99 98 0.8 1 0.1 0.0191 0.0239 0.01 W 91.4298 1.0139
99 99 0.8 1 0.1 0.0191 0.0239 0.01 W 149.6591 0.6787
99 104 0.8 1 0.1 0.0191 0.0239 0.01 W 143.7897 0.7426
99 132 0.8 1 0.1 0.0191 0.0239 0.01 W 157.558 0.7314
99 135 0.8 1 0.1 0.0191 0.0239 0.01 W 131.1867 0.6055
100 68 0.8 1 0.1 0.0191 0.0239 0.01 W 186.3121 0.7599
100 69 0.8 1 0.1 0.0191 0.0239 0.01 W 356.6712 0.9266
100 70 0.8 1 0.1 0.0191 0.0239 0.01 W 336.1325 0.8472
100 71 0.8 1 0.1 0.0191 0.0239 0.01 W 269.9309 1.2965
100 92 0.8 1 0.1 0.0191 0.0239 0.01 W 257.4538 0.758
100 93 0.8 1 0.1 0.0191 0.0239 0.01 W 200.5779 0.526
100 98 0.8 1 0.1 0.0191 0.0239 0.01 W 284.3097 0.8646
100 103 0.8 1 0.1 0.0191 0.0239 0.01 W 155.3345 0.6749
100 104 0.8 1 0.1 0.0191 0.0239 0.01 W 220.816 0.8775
100 135 0.8 1 0.1 0.0191 0.0239 0.01 W 166.4862 0.5419
100 136 0.8 1 0.1 0.0191 0.0239 0.01 W 115.676 1.2457
100 137 0.8 1 0.1 0.0191 0.0239 0.01 W 108.0105 2.0769
101 71 0.8 1 0.1 0.0191 0.0239 0.01 W 205.17 0.6448
101 72 0.8 1 0.1 0.0191 0.0239 0.01 W 114.1164 0.5134
101 75 0.8 1 0.1 0.0191 0.0239 0.01 W 133.3615 0.541
101 103 0.8 1 0.1 0.0191 0.0239 0.01 W 202.2167 1.1293
101 104 0.8 1 0.1 0.0191 0.0239 0.01 W 372.8239 0.7093
101 134 0.8 1 0.1 0.0191 0.0239 0.01 W 116.0776 0.8529
101 136 0.8 1 0.1 0.0191 0.0239 0.01 W 182.2882 0.5954
101 137 0.8 1 0.1 0.0191 0.0239 0.01 W 120.025 0.7759
102 67 0.8 1 0.1 0.0191 0.0239 0.01 W 10.6406 0.5016
102 70 0.8 1 0.1 0.0191 0.0239 0.01 W 355.9742 0.8072
102 71 0.8 1 0.1 0.0191 0.0239 0.01 W 317.1149 0.7482
102 73 0.8 1 0.1 0.0191 0.0239 0.01 W 112.7227 0.7568
102 76 0.8 1 0.1 0.0191 0.0239 0.01 W 80.7025 0.3659
102 78 0.8 1 0.1 0.0191 0.0239 0.01 W 172.3296 0.5232
102 132 0.8 1 0.1 0.0191 0.0239 0.01 W 280.4847 0.7941
102 133 0.8 1 0.1 0.0191 0.0239 0.01 W 119.8261 0.7353
102 134 0.8 1 0.1 0.0191 0.0239 0.01 W 111.6739 0.7777
102 135 0.8 1 0.1 0.0191 0.0239 0.01 W 126.6134 0.6731
102 136 0.8 1 0.1 0.0191 0.0239 0.01 W 286.947 0.9321
103 69 0.8 1 0.1 0.0191 0.0239 0.01 W 232.2235 0.7766
103 72 0.8 1 0.1 0.0191 0.0239 0.01 W 110.6992 0.5484
103 78 0.8 1 0.1 0.0191 0.0239 0.01 W 130.6975 0.602
103 102 0.8 1 0.1 0.0191 0.0239 0.01 W 194.825 0.9719
103 107 0.8 1 0.1 0.0191 0.0239 0.01 W 305.9835 0.9042
103 135 0.8 1 0.1 0.0191 0.0239 0.01 W 78.3401 0.6111
103 137 0.8 1 0.1 0.0191 0.0239 0.01 W 355.6002 1.9047
104 71 0.8 1 0.1 0.0191 0.0239 0.01 W 275.0725 1.1561
104 72 0.8 1 0.1 0.0191 0.0239 0.01 W 71.7247 0.4822
104 101 0.8 1 0.1 0.0191 0.0239 0.01 W 194.2098 0.6785
104 102 0.8 1 0.1 0.0191 0.0239 0.01 W 400.3381 0.816
105 71 0.8 1 0.1 0.0191 0.0239 0.01 W 228.5977 0.5739
105 95 0.8 1 0.1 0.0191 0.0239 0.01 W 230.656 0.8885
105 100 0.8 1 0.1 0.0191 0.0239 0.01 W 191.5517 0.9553
105 101 0.8 1 0.1 0.0191 0.0239 0.01 W 130.6703 0.6207
106 68 0.8 1 0.1 0.0191 0.0239 0.01 W 187.4752 0.4751
106 70 0.8 1 0.1 0.0191 0.0239 0.01 W 309.6098 1.0966
108 81 0.8 1 0.1 0.0191 0.0239 0.01 W 198.0437 0.6625
112 90 0.8 1 0.1 0.0191 0.0239 0.01 W 129.5176 0.4813
117 78 0.8 1 0.1 0.0191 0.0239 0.01 W 191.1687 1.5543
118 75 0.8 1 0.1 0.0191 0.0239 0.01 W 333.686 1.0467
118 76 0.8 1 0.1 0.0191 0.0239 0.01 W 133.19 1.3676
119 76 0.8 1 0.1 0.0191 0.0239 0.01 W 82.3333 0.7988
119 77 0.8 1 0.1 0.0191 0.0239 0.01 W 91.7816 0.8507
119 78 0.8 1 0.1 0.0191 0.0239 0.01 W 98.6187 1.195
120 51 0.8 1 0.1 0.0191 0.0239 0.01 W 58.8992 1.0282
120 52 0.8 1 0.1 0.0191 0.0239 0.01 W 236.3776 0.8877
120 76 0.8 1 0.1 0.0191 0.0239 0.01 W 204.4602 0.6807
120 77 0.8 1 0.1 0.0191 0.0239 0.01 W 94.863 1.0329
120 79 0.8 1 0.1 0.0191 0.0239 0.01 W 129.0278 0.9693
120 95 0.8 1 0.1 0.0191 0.0239 0.01 W 172.8373 0.6015
121 88 0.8 1 0.1 0.0191 0.0239 0.01 W 80.125 0.7841
122 51 0.8 1 0.1 0.0191 0.0239 0.01 W 110.7463 0.8695
123 86 0.8 1 0.1 0.0191 0.0239 0.01 W 204.1257 0.7197
124 52 0.8 1 0.1 0.0191 0.0239 0.01 W 206.5936 1.0478
124 62 0.8 1 0.1 0.0191 0.0239 0.01 W 228.5052 0.6808
125 52 0.8 1 0.1 0.0191 0.0239 0.01 W 103.3082 0.5891
125 53 0.8 1 0.1 0.0191 0.0239 0.01 W 139.4504 0.6315
125 56 0.8 1 0.1 0.0191 0.0239 0.01 W 140.535 1.7253
125 60 0.8 1 0.1 0.0191 0.0239 0.01 W 97.3002 1.4918
125 61 0.8 1 0.1 0.0191 0.0239 0.01 W 154.5892 0.9222
125 62 0.8 1 0.1 0.0191 0.0239 0.01 W 135.7234 0.7599
125 63 0.8 1 0.1 0.0191 0.0239 0.01 W 144.0262 0.9676
126 54 0.8 1 0.1 0.0191 0.0239 0.01 W 244.4915 1.5798
126 57 0.8 1 0.1 0.0191 0.0239 0.01 W 106.4411 1.1789
126 60 0.8 1 0.1 0.0191 0.0239 0.01 W 105.9997 0.7957
126 61 0.8 1 0.1 0.0191 0.0239 0.01 W 207.4782 0.7626
126 63 0.8 1 0.1 0.0191 0.0239 0.01 W 89.5774 0.8105
126 64 0.8 1 0.1 0.0191 0.0239 0.01 W 198.034 1.1583
126 75 0.8 1 0.1 0.0191 0.0239 0.01 W 128.7472 0.7399
127 54 0.8 1 0.1 0.0191 0.0239 0.01 W 119.5074 0.6708
127 55 0.8 1 0.1 0.0191 0.0239 0.01 W 141.2488 0.8255
127 56 0.8 1 0.1 0.0191 0.0239 0.01 W 213.8859 0.7077
127 61 0.8 1 0.1 0.0191 0.0239 0.01 W 103.3087 0.9939
127 62 0.8 1 0.1 0.0191 0.0239 0.01 W 155.9423 0.7124
127 63 0.8 1 0.1 0.0191 0.0239 0.01 W 52.4399 0.9913
128 53 0.8 1 0.1 0.0191 0.0239 0.01 W 137.8943 0.8264
128 54 0.8 1 0.1 0.0191 0.0239 0.01 W 155.9646 0.6278
128 57 0.8 1 0.1 0.0191 0.0239 0.01 W 253.8677 0.8575
128 58 0.8 1 0.1 0.0191 0.0239 0.01 W 134.0306 1.1767
128 59 0.8 1 0.1 0.0191 0.0239 0.01 W 161.3181 0.5531
128 60 0.8 1 0.1 0.0191 0.0239 0.01 W 68.5945 0.6986
128 61 0.8 1 0.1 0.0191 0.0239 0.01 W 131.1623 0.7725
128 62 0.8 1 0.1 0.0191 0.0239 0.01 W 79.1613 0.8976
128 64 0.8 1 0.1 0.0191 0.0239 0.01 W 162.2064 0.8413
128 65 0.8 1 0.1 0.0191 0.0239 0.01 W 154.9385 0.7241
129 59 0.8 1 0.1 0.0191 0.0239 0.01 W 93.0764 0.9489
129 60 0.8 1 0.1 0.0191 0.0239 0.01 W 84.1802 0.7499
129 61 0.8 1 0.1 0.0191 0.0239 0.01 W 65.0052 0.6701
129 62 0.8 1 0.1 0.0191 0.0239 0.01 W 74.8576 1.0595
129 63 0.8 1 0.1 0.0191 0.0239 0.01 W 76.6554 0.8013
129 64 0.8 1 0.1 0.0191 0.0239 0.01 W 97.0845 0.9819
129 65 0.8 1 0.1 0.0191 0.0239 0.01 W 156.1893 1.6226
129 125 0.8 1 0.1 0.0191 0.0239 0.01 W 244.3899 0.5343
130 46 0.8 1 0.1 0.0191 0.0239 0.01 W 156.6486 0.6883
130 56 0.8 1 0.1 0.0191 0.0239 0.01 W 93.0019 0.4986
130 57 0.8 1 0.1 0.0191 0.0239 0.01 W 48.3932 0.4645
130 58 0.8 1 0.1 0.0191 0.0239 0.01 W 158.9007 0.8832
130 59 0.8 1 0.1 0.0191 0.0239 0.01 W 135.6227 0.8482
130 60 0.8 1 0.1 0.0191 0.0239 0.01 W 207.9722 1.0609
130 61 0.8 1 0.1 0.0191 0.0239 0.01 W 83.2644 0.9269
130 62 0.8 1 0.1 0.0191 0.0239 0.01 W 108.5206 0.6772
130 63 0.8 1 0.1 0.0191 0.0239 0.01 W 117.5636 0.9359
130 64 0.8 1 0.1 0.0191 0.0239 0.01 W 87.7576 1.1319
131 34 0.8 1 0.1 0.0191 0.0239 0.01 W 123.1131 1.1657
131 55 0.8 1 0.1 0.0191 0.0239 0.01 W 43.5005 0.339
131 57 0.8 1 0.1 0.0191 0.0239 0.01 W 216.8828 0.8233
131 58 0.8 1 0.1 0.0191 0.0239 0.01 W 88.6994 0.9548
131 59 0.8 1 0.1 0.0191 0.0239 0.01 W 136.9416 1.3522
131 60 0.8 1 0.1 0.0191 0.0239 0.01 W 64.6017 0.9448
131 61 0.8 1 0.1 0.0191 0.0239 0.01 W 219.3494 2.0212
132 59 0.8 1 0.1 0.0191 0.0239 0.01 W 158.1485 1.1917
133 39 0.8 1 0.1 0.0191 0.0239 0.01 W 138.8666 1.0489
133 42 0.8 1 0.1 0.0191 0.0239 0.01 W 102.5353 0.7249
133 43 0.8 1 0.1 0.0191 0.0239 0.01 W 151.8944 0.6484
133 44 0.8 1 0.1 0.0191 0.0239 0.01 W 145.943 0.759
133 48 0.8 1 0.1 0.0191 0.0239 0.01 W 291.5944 1.5178
133 59 0.8 1 0.1 0.0191 0.0239 0.01 W 98.0856 0.8059
133 60 0.8 1 0.1 0.0191 0.0239 0.01 W 154.5788 0.7593
134 39 0.8 1 0.1 0.0191 0.0239 0.01 W 186.0048 0.9255
134 42 0.8 1 0.1 0.0191 0.0239 0.01 W 64.9796 0.642
134 44 0.8 1 0.1 0.0191 0.0239 0.01 W 172.0551 1.8124
134 58 0.8 1 0.1 0.0191 0.0239 0.01 W 226.3258 1.1
134 59 0.8 1 0.1 0.0191 0.0239 0.01 W 193.9127 0.6322
134 60 0.8 1 0.1 0.0191 0.0239 0.01 W 112.1085 1.1679
134 64 0.8 1 0.1 0.0191 0.0239 0.01 W 137.0661 1.206
134 68 0.8 1 0.1 0.0191 0.0239 0.01 W 167.7897 1.4194
135 43 0.8 1 0.1 0.0191 0.0239 0.01 W 142.8664 1.0113
135 61 0.8 1 0.1 0.0191 0.0239 0.01 W 173.4687 0.9981
135 67 0.8 1 0.1 0.0191 0.0239 0.01 W 70.1774 1.0792
135 68 0.8 1 0.1 0.0191 0.0239 0.01 W 119.4923 0.7347
135 76 0.8 1 0.1 0.0191 0.0239 0.01 W 156.5094 0.5933
136 43 0.8 1 0.1 0.0191 0.0239 0.01 W 260.19 0.6804
136 44 0.8 1 0.1 0.0191 0.0239 0.01 W 120.8377 0.807
136 45 0.8 1 0.1 0.0191 0.0239 0.01 W 203.6637 1.7874
136 46 0.8 1 0.1 0.0191 0.0239 0.01 W 138.2705 0.7758
136 47 0.8 1 0.1 0.0191 0.0239 0.01 W 124.1077 0.8956
136 56 0.8 1 0.1 0.0191 0.0239 0.01 W 170.001 1.0161
136 57 0.8 1 0.1 0.0191 0.0239 0.01 W 184.1602 0.6936
136 59 0.8 1 0.1 0.0191 0.0239 0.01 W 217.5651 0.7328
136 60 0.8 1 0.1 0.0191 0.0239 0.01 W 152.7641 1.0519
136 67 0.8 1 0.1 0.0191 0.0239 0.01 W 161.3908 0.8757
136 92 0.8 1 0.1 0.0191 0.0239 0.01 W 34.5737 0.3934
137 35 0.8 1 0.1 0.0191 0.0239 0.01 W 251.957 0.717
137 38 0.8 1 0.1 0.0191 0.0239 0.01 W 179.882 0.9624
137 39 0.8 1 0.1 0.0191 0.0239 0.01 W 220.1353 0.9102
137 40 0.8 1 0.1 0.0191 0.0239 0.01 W 99.5255 0.6413
137 41 0.8 1 0.1 0.0191 0.0239 0.01 W 166.9201 0.6282
137 42 0.8 1 0.1 0.0191 0.0239 0.01 W 122.6102 0.9014
137 43 0.8 1 0.1 0.0191 0.0239 0.01 W 325.3523 1.1984
137 45 0.8 1 0.1 0.0191 0.0239 0.01 W 163.1715 0.9355
137 46 0.8 1 0.1 0.0191 0.0239 0.01 W 113.9699 0.7379
137 56 0.8 1 0.1 0.0191 0.0239 0.01 W 82.1587 0.7804
137 57 0.8 1 0.1 0.0191 0.0239 0.01 W 138.4026 0.9514
137 58 0.8 1 0.1 0.0191 0.0239 0.01 W 154.4129 2.386
137 82 0.8 1 0.1 0.0191 0.0239 0.01 W 300.6522 0.8339
137 90 0.8 1 0.1 0.0191 0.0239 0.01 W 174.7462 0.4983
138 34 0.8 1 0.1 0.0191 0.0239 0.01 W 191.6183 0.9074
138 36 0.8 1 0.1 0.0191 0.0239 0.01 W 115.8321 0.8002
138 38 0.8 1 0.1 0.0191 0.0239 0.01 W 127.0626 0.7636
138 44 0.8 1 0.1 0.0191 0.0239 0.01 W 121.9751 1.109
138 47 0.8 1 0.1 0.0191 0.0239 0.01 W 209.9848 0.8816
138 51 0.8 1 0.1 0.0191 0.0239 0.01 W 184.5489 0.897
138 54 0.8 1 0.1 0.0191 0.0239 0.01 W 93.2936 1.3263
138 55 0.8 1 0.1 0.0191 0.0239 0.01 W 130.527 0.7381
138 56 0.8 1 0.1 0.0191 0.0239 0.01 W 119.509 0.9588
138 57 0.8 1 0.1 0.0191 0.0239 0.01 W 143.3901 1.6839
138 63 0.8 1 0.1 0.0191 0.0239 0.01 W 285.025 0.8189
138 68 0.8 1 0.1 0.0191 0.0239 0.01 W 229.948 1.0276
138 69 0.8 1 0.1 0.0191 0.0239 0.01 W 280.2533 0.8985
138 70 0.8 1 0.1 0.0191 0.0239 0.01 W 114.2737 1.1188
139 36 0.8 1 0.1 0.0191 0.0239 0.01 W 138.4691 0.528
139 41 0.8 1 0.1 0.0191 0.0239 0.01 W 143.2836 1.0419
139 44 0.8 1 0.1 0.0191 0.0239 0.01 W 180.397 0.8334
139 45 0.8 1 0.1 0.0191 0.0239 0.01 W 175.1361 1.9363
139 51 0.8 1 0.1 0.0191 0.0239 0.01 W 177.3588 1.2706
139 53 0.8 1 0.1 0.0191 0.0239 0.01 W 110.7066 1.5911
139 54 0.8 1 0.1 0.0191 0.0239 0.01 W 134.6069 0.7048
139 55 0.8 1 0.1 0.0191 0.0239 0.01 W 76.3988 0.6562
139 56 0.8 1 0.1 0.0191 0.0239 0.01 W 186.7263 0.8056
139 57 0.8 1 0.1 0.0191 0.0239 0.01 W 32.1045 0.3913
139 58 0.8 1 0.1 0.0191 0.0239 0.01 W 138.6002 0.9365
139 65 0.8 1 0.1 0.0191 0.0239 0.01 W 162.8902 1.0516
139 68 0.8 1 0.1 0.0191 0.0239 0.01 W 72.1411 0.4569
139 70 0.8 1 0.1 0.0191 0.0239 0.01 W 144.3067 0.9459
139 127 0.8 1 0.1 0.0191 0.0239 0.01 W 11.5035 0.9137
140 39 0.8 1 0.1 0.0191 0.0239 0.01 W 149.0175 1.1375
140 51 0.8 1 0.1 0.0191 0.0239 0.01 W 144.0442 0.67
140 52 0.8 1 0.1 0.0191 0.0239 0.01 W 249.0383 1.0814
140 53 0.8 1 0.1 0.0191 0.0239 0.01 W 108.6366 0.9228
140 54 0.8 1 0.1 0.0191 0.0239 0.01 W 213.3195 1.0797
140 55 0.8 1 0.1 0.0191 0.0239 0.01 W 126.6466 0.8907
140 60 0.8 1 0.1 0.0191 0.0239 0.01 W 155.8054 1.2713
140 66 0.8 1 0.1 0.0191 0.0239 0.01 W 136.9004 0.7698
140 71 0.8 1 0.1 0.0191 0.0239 0.01 W 216.9292 1.5507
140 72 0.8 1 0.1 0.0191 0.0239 0.01 W 177.6676 0.8039
140 75 0.8 1 0.1 0.0191 0.0239 0.01 W 207.8939 1.4528
140 82 0.8 1 0.1 0.0191 0.0239 0.01 W 289.0675 0.7221
141 42 0.8 1 0.1 0.0191 0.0239 0.01 W 127.4767 0.8623
141 44 0.8 1 0.1 0.0191 0.0239 0.01 W 179.0034 1.2383
141 59 0.8 1 0.1 0.0191 0.0239 0.01 W 92.1431 1.033
141 60 0.8 1 0.1 0.0191 0.0239 0.01 W 186.9228 0.7922
141 61 0.8 1 0.1 0.0191 0.0239 0.01 W 83.9664 0.4389
141 75 0.8 1 0.1 0.0191 0.0239 0.01 W 222.2444 0.7695
141 80 0.8 1 0.1 0.0191 0.0239 0.01 W 171.2092 0.6652
142 42 0.8 1 0.1 0.0191 0.0239 0.01 W 212.4799 0.7584
142 43 0.8 1 0.1 0.0191 0.0239 0.01 W 242.692 0.903
142 44 0.8 1 0.1 0.0191 0.0239 0.01 W 111.973 1.0238
142 45 0.8 1 0.1 0.0191 0.0239 0.01 W 115.6521 0.9166
142 50 0.8 1 0.1 0.0191 0.0239 0.01 W 81.1453 0.8079
142 51 0.8 1 0.1 0.0191 0.0239 0.01 W 97.8692 0.8383
142 54 0.8 1 0.1 0.0191 0.0239 0.01 W 175.609 0.6996
142 58 0.8 1 0.1 0.0191 0.0239 0.01 W 116.8594 0.9208
142 59 0.8 1 0.1 0.0191 0.0239 0.01 W 117.5612 0.9741
142 60 0.8 1 0.1 0.0191 0.0239 0.01 W 171.8845 0.9036
142 68 0.8 1 0.1 0.0191 0.0239 0.01 W 317.0533 0.7764
142 69 0.8 1 0.1 0.0191 0.0239 0.01 W 139.7592 0.7855
142 76 0.8 1 0.1 0.0191 0.0239 0.01 W 109.7378 0.7736
143 28 0.8 1 0.1 0.0191 0.0239 0.01 W 253.6427 1.1425
143 44 0.8 1 0.1 0.0191 0.0239 0.01 W 128.6393 1.157
143 48 0.8 1 0.1 0.0191 0.0239 0.01 W 116.6002 0.9834
143 49 0.8 1 0.1 0.0191 0.0239 0.01 W 150.7553 1.6203
143 59 0.8 1 0.1 0.0191 0.0239 0.01 W 112.196 1.0914
143 62 0.8 1 0.1 0.0191 0.0239 0.01 W 161.923 0.9526
143 68 0.8 1 0.1 0.0191 0.0239 0.01 W 207.4462 0.856
143 72 0.8 1 0.1 0.0191 0.0239 0.01 W 205.0562 1.0639
143 78 0.8 1 0.1 0.0191 0.0239 0.01 W 217.0346 0.9963
143 80 0.8 1 0.1 0.0191 0.0239 0.01 W 226.3755 0.6337
143 94 0.8 1 0.1 0.0191 0.0239 0.01 W 215.9812 0.712
144 39 0.8 1 0.1 0.0191 0.0239 0.01 W 241.1641 1.3746
144 43 0.8 1 0.1 0.0191 0.0239 0.01 W 116.5076 0.7469
144 51 0.8 1 0.1 0.0191 0.0239 0.01 W 158.8942 0.9963
144 53 0.8 1 0.1 0.0191 0.0239 0.01 W 201.261 1.0017
144 59 0.8 1 0.1 0.0191 0.0239 0.01 W 84.9744 0.7162
144 61 0.8 1 0.1 0.0191 0.0239 0.01 W 120.429 1.0417
144 62 0.8 1 0.1 0.0191 0.0239 0.01 W 63.871 0.7915
144 63 0.8 1 0.1 0.0191 0.0239 0.01 W 99.9805 0.9212
144 73 0.8 1 0.1 0.0191 0.0239 0.01 W 172.0598 1.0807
144 76 0.8 1 0.1 0.0191 0.0239 0.01 W 285.6824 1.6649
144 78 0.8 1 0.1 0.0191 0.0239 0.01 W 110.8096 0.8597
144 79 0.8 1 0.1 0.0191 0.0239 0.01 W 132.2065 0.6004
145 35 0.8 1 0.1 0.0191 0.0239 0.01 W 144.3569 1.0181
145 37 0.8 1 0.1 0.0191 0.0239 0.01 W 204.4145 2.4373
145 40 0.8 1 0.1 0.0191 0.0239 0.01 W 162.3894 1.1411
145 41 0.8 1 0.1 0.0191 0.0239 0.01 W 122.8892 1.1966
145 42 0.8 1 0.1 0.0191 0.0239 0.01 W 75.5918 0.5811
145 43 0.8 1 0.1 0.0191 0.0239 0.01 W 123.0024 0.9721
145 45 0.8 1 0.1 0.0191 0.0239 0.01 W 206.0957 0.7912
145 75 0.8 1 0.1 0.0191 0.0239 0.01 W 252.8852 0.7555
145 76 0.8 1 0.1 0.0191 0.0239 0.01 W 71.5633 0.4146
145 77 0.8 1 0.1 0.0191 0.0239 0.01 W 129.4622 0.7189
145 78 0.8 1 0.1 0.0191 0.0239 0.01 W 275.6663 0.7413
145 79 0.8 1 0.1 0.0191 0.0239 0.01 W 66.1133 0.6882
145 80 0.8 1 0.1 0.0191 0.0239 0.01 W 311.7731 0.7039
145 118 0.8 1 0.1 0.0191 0.0239 0.01 W 214.2885 0.7562
146 35 0.8 1 0.1 0.0191 0.0239 0.01 W 164.3694 0.8043
146 36 0.8 1 0.1 0.0191 0.0239 0.01 W 89.5459 1.639
146 37 0.8 1 0.1 0.0191 0.0239 0.01 W 111.9183 1.1623
146 39 0.8 1 0.1 0.0191 0.0239 0.01 W 154.9391 1.1649
146 49 0.8 1 0.1 0.0191 0.0239 0.01 W 218.9741 0.9201
146 54 0.8 1 0.1 0.0191 0.0239 0.01 W 113.6098 0.5972
146 55 0.8 1 0.1 0.0191 0.0239 0.01 W 332.6453 1.5378
146 57 0.8 1 0.1 0.0191 0.0239 0.01 W 170.1277 0.9603
146 58 0.8 1 0.1 0.0191 0.0239 0.01 W 68.9723 0.859
146 59 0.8 1 0.1 0.0191 0.0239 0.01 W 140.8469 1.0762
146 70 0.8 1 0.1 0.0191 0.0239 0.01 W 100.6828 1.0939
146 75 0.8 1 0.1 0.0191 0.0239 0.01 W 233.688 1.1978
146 118 0.8 1 0.1 0.0191 0.0239 0.01 W 212.9869 0.6773
147 33 0.8 1 0.1 0.0191 0.0239 0.01 W 231.4189 1.2723
147 35 0.8 1 0.1 0.0191 0.0239 0.01 W 196.52 0.7792
147 36 0.8 1 0.1 0.0191 0.0239 0.01 W 123.2573 0.8567
147 37 0.8 1 0.1 0.0191 0.0239 0.01 W 109.6174 0.9594
147 46 0.8 1 0.1 0.0191 0.0239 0.01 W 132.8759 1.1399
147 49 0.8 1 0.1 0.0191 0.0239 0.01 W 176.2036 0.7965
147 50 0.8 1 0.1 0.0191 0.0239 0.01 W 93.85 1.0571
147 54 0.8 1 0.1 0.0191 0.0239 0.01 W 126.783 0.9188
147 57 0.8 1 0.1 0.0191 0.0239 0.01 W 156.387 1.1555
147 59 0.8 1 0.1 0.0191 0.0239 0.01 W 111.6646 1.0863
147 72 0.8 1 0.1 0.0191 0.0239 0.01 W 178.6443 0.8274
147 73 0.8 1 0.1 0.0191 0.0239 0.01 W 210.3906 0.8383
147 75 0.8 1 0.1 0.0191 0.0239 0.01 W 308.8553 0.9539
148 41 0.8 1 0.1 0.0191 0.0239 0.01 W 180.8229 0.7553
148 46 0.8 1 0.1 0.0191 0.0239 0.01 W 185.9415 1.0131
148 49 0.8 1 0.1 0.0191 0.0239 0.01 W 168.919 0.9835
148 54 0.8 1 0.1 0.0191 0.0239 0.01 W 182.6624 1.3404
148 58 0.8 1 0.1 0.0191 0.0239 0.01 W 169.0897 0.8169
148 72 0.8 1 0.1 0.0191 0.0239 0.01 W 124.8473 0.9105
148 73 0.8 1 0.1 0.0191 0.0239 0.01 W 138.9096 0.8317
148 75 0.8 1 0.1 0.0191 0.0239 0.01 W 191.9763 0.7764
148 78 0.8 1 0.1 0.0191 0.0239 0.01 W 101.5885 0.7232
149 37 0.8 1 0.1 0.0191 0.0239 0.01 W 92.9736 0.8685
149 38 0.8 1 0.1 0.0191 0.0239 0.01 W 165.2577 1.3683
149 39 0.8 1 0.1 0.0191 0.0239 0.01 W 106.0949 0.6739
149 40 0.8 1 0.1 0.0191 0.0239 0.01 W 105.0107 0.7931
149 41 0.8 1 0.1 0.0191 0.0239 0.01 W 143.405 0.8234
149 42 0.8 1 0.1 0.0191 0.0239 0.01 W 253.5171 0.7591
149 49 0.8 1 0.1 0.0191 0.0239 0.01 W 117.7955 0.818
149 50 0.8 1 0.1 0.0191 0.0239 0.01 W 169.8722 1.2115
149 59 0.8 1 0.1 0.0191 0.0239 0.01 W 192.3955 1.2445
149 68 0.8 1 0.1 0.0191 0.0239 0.01 W 239.2002 0.7671
149 75 0.8 1 0.1 0.0191 0.0239 0.01 W 113.4474 0.8094
149 77 0.8 1 0.1 0.0191 0.0239 0.01 W 92.0327 0.795
149 78 0.8 1 0.1 0.0191 0.0239 0.01 W 112.9825 1.0112
149 82 0.8 1 0.1 0.0191 0.0239 0.01 W 118.1236 0.5885
149 98 0.8 1 0.1 0.0191 0.0239 0.01 W 242.1035 0.7757
149 100 0.8 1 0.1 0.0191 0.0239 0.01 W 289.1935 0.767
150 37 0.8 1 0.1 0.0191 0.0239 0.01 W 98.9084 0.8035
150 38 0.8 1 0.1 0.0191 0.0239 0.01 W 106.4755 0.8269
150 39 0.8 1 0.1 0.0191 0.0239 0.01 W 166.3925 0.9211
150 41 0.8 1 0.1 0.0191 0.0239 0.01 W 257.2708 1.4285
150 43 0.8 1 0.1 0.0191 0.0239 0.01 W 257.1561 0.8503
150 45 0.8 1 0.1 0.0191 0.0239 0.01 W 198.8132 1.1089
150 46 0.8 1 0.1 0.0191 0.0239 0.01 W 322.1337 1.6636
150 50 0.8 1 0.1 0.0191 0.0239 0.01 W 76.1289 0.9302
150 58 0.8 1 0.1 0.0191 0.0239 0.01 W 141.2186 1.056
150 59 0.8 1 0.1 0.0191 0.0239 0.01 W 139.4892 0.6738
150 75 0.8 1 0.1 0.0191 0.0239 0.01 W 208.8408 0.6159
150 76 0.8 1 0.1 0.0191 0.0239 0.01 W 180.8922 0.797
150 77 0.8 1 0.1 0.0191 0.0239 0.01 W 61.7038 0.8099
150 78 0.8 1 0.1 0.0191 0.0239 0.01 W 83.0401 0.7785
150 82 0.8 1 0.1 0.0191 0.0239 0.01 W 189.6203 0.5458
150 98 0.8 1 0.1 0.0191 0.0239 0.01 W 95.4825 0.5934
150 116 0.8 1 0.1 0.0191 0.0239 0.01 W 314.1449 0.7034
151 38 0.8 1 0.1 0.0191 0.0239 0.01 W 165.2024 0.8374
151 50 0.8 1 0.1 0.0191 0.0239 0.01 W 190.5412 1.0529
151 58 0.8 1 0.1 0.0191 0.0239 0.01 W 197.3817 0.9755
151 59 0.8 1 0.1 0.0191 0.0239 0.01 W 127.152 0.7678
151 73 0.8 1 0.1 0.0191 0.0239 0.01 W 158.4302 1.0106
151 74 0.8 1 0.1 0.0191 0.0239 0.01 W 91.2003 0.7982
151 77 0.8 1 0.1 0.0191 0.0239 0.01 W 163.9016 0.7265
151 97 0.8 1 0.1 0.0191 0.0239 0.01 W 133.0274 0.8096
151 113 0.8 1 0.1 0.0191 0.0239 0.01 W 124.6381 0.6315
152 41 0.8 1 0.1 0.0191 0.0239 0.01 W 162.884 0.8
152 43 0.8 1 0.1 0.0191 0.0239 0.01 W 103.3993 0.7937
152 44 0.8 1 0.1 0.0191 0.0239 0.01 W 110.9209 0.8229
152 58 0.8 1 0.1 0.0191 0.0239 0.01 W 107.88 1.0233
152 59 0.8 1 0.1 0.0191 0.0239 0.01 W 162.5401 0.7201
152 60 0.8 1 0.1 0.0191 0.0239 0.01 W 103.4197 1.1523
152 83 0.8 1 0.1 0.0191 0.0239 0.01 W 171.7248 0.4569
153 42 0.8 1 0.1 0.0191 0.0239 0.01 W 197.8248 1.8059
153 43 0.8 1 0.1 0.0191 0.0239 0.01 W 144.3828 0.631
153 48 0.8 1 0.1 0.0191 0.0239 0.01 W 135.7434 1.0516
153 49 0.8 1 0.1 0.0191 0.0239 0.01 W 160.3175 0.6244
153 57 0.8 1 0.1 0.0191 0.0239 0.01 W 72.0155 0.7633
153 77 0.8 1 0.1 0.0191 0.0239 0.01 W 169.1151 0.7841
154 46 0.8 1 0.1 0.0191 0.0239 0.01 W 148.3905 1.0125
154 47 0.8 1 0.1 0.0191 0.0239 0.01 W 341.2864 1.2375
154 71 0.8 1 0.1 0.0191 0.0239 0.01 W 185.3172 1.1375
154 72 0.8 1 0.1 0.0191 0.0239 0.01 W 108.7934 1.0012
154 77 0.8 1 0.1 0.0191 0.0239 0.01 W 183.9781 0.8834
154 80 0.8 1 0.1 0.0191 0.0239 0.01 W 243.0401 0.621
155 48 0.8 1 0.1 0.0191 0.0239 0.01 W 207.8133 0.7487
155 68 0.8 1 0.1 0.0191 0.0239 0.01 W 207.3462 0.9346
155 76 0.8 1 0.1 0.0191 0.0239 0.01 W 262.3616 1.066
156 50 0.8 1 0.1 0.0191 0.0239 0.01 W 169.9532 0.8229
156 74 0.8 1 0.1 0.0191 0.0239 0.01 W 301.4312 0.772
156 75 0.8 1 0.1 0.0191 0.0239 0.01 W 162.0494 0.7194
156 76 0.8 1 0.1 0.0191 0.0239 0.01 W 110.2392 0.7911
156 77 0.8 1 0.1 0.0191 0.0239 0.01 W 104.5695 0.7856
157 49 0.8 1 0.1 0.0191 0.0239 0.01 W 100.8191 0.8264
157 50 0.8 1 0.1 0.0191 0.0239 0.01 W 146.0564 0.7476
157 51 0.8 1 0.1 0.0191 0.0239 0.01 W 148.1653 0.8288
157 54 0.8 1 0.1 0.0191 0.0239 0.01 W 198.2493 0.8832
157 58 0.8 1 0.1 0.0191 0.0239 0.01 W 209.0685 0.77
157 76 0.8 1 0.1 0.0191 0.0239 0.01 W 103.8401 0.787
157 78 0.8 1 0.1 0.0191 0.0239 0.01 W 236.9807 1.0501
157 111 0.8 1 0.1 0.0191 0.0239 0.01 W 313.2605 0.7757
158 49 0.8 1 0.1 0.0191 0.0239 0.01 W 84.9075 0.7523
158 50 0.8 1 0.1 0.0191 0.0239 0.01 W 200.1376 0.6535
158 51 0.8 1 0.1 0.0191 0.0239 0.01 W 127.4136 0.7659
158 53 0.8 1 0.1 0.0191 0.0239 0.01 W 94.365 0.4801
158 64 0.8 1 0.1 0.0191 0.0239 0.01 W 86.2616 0.6274
158 65 0.8 1 0.1 0.0191 0.0239 0.01 W 40.9932 0.6511
158 74 0.8 1 0.1 0.0191 0.0239 0.01 W 230.2023 0.9994
158 76 0.8 1 0.1 0.0191 0.0239 0.01 W 94.3047 0.8358
158 117 0.8 1 0.1 0.0191 0.0239 0.01 W 121.8981 0.8633
158 120 0.8 1 0.1 0.0191 0.0239 0.01 W 238.2298 0.6661
159 49 0.8 1 0.1 0.0191 0.0239 0.01 W 55.8255 0.7123
159 50 0.8 1 0.1 0.0191 0.0239 0.01 W 75.342 0.6225
159 52 0.8 1 0.1 0.0191 0.0239 0.01 W 95.9084 0.6513
159 53 0.8 1 0.1 0.0191 0.0239 0.01 W 128.8135 0.9135
159 54 0.8 1 0.1 0.0191 0.0239 0.01 W 167.104 0.8432
159 58 0.8 1 0.1 0.0191 0.0239 0.01 W 228.0947 1.2636
159 60 0.8 1 0.1 0.0191 0.0239 0.01 W 227.4723 0.7232
159 64 0.8 1 0.1 0.0191 0.0239 0.01 W 95.2754 0.8448
159 65 0.8 1 0.1 0.0191 0.0239 0.01 W 35.098 0.8399
159 66 0.8 1 0.1 0.0191 0.0239 0.01 W 97.7421 0.6641
159 70 0.8 1 0.1 0.0191 0.0239 0.01 W 187.2188 0.8501
159 95 0.8 1 0.1 0.0191 0.0239 0.01 W 114.8419 0.4978
159 115 0.8 1 0.1 0.0191 0.0239 0.01 W 109.9039 0.5755
159 121 0.8 1 0.1 0.0191 0.0239 0.01 W 113.5438 0.8937
160 49 0.8 1 0.1 0.0191 0.0239 0.01 W 106.7086 0.6949
160 52 0.8 1 0.1 0.0191 0.0239 0.01 W 111.1062 0.6689
160 53 0.8 1 0.1 0.0191 0.0239 0.01 W 189.876 1.1761
160 54 0.8 1 0.1 0.0191 0.0239 0.01 W 168.9156 1.0061
160 58 0.8 1 0.1 0.0191 0.0239 0.01 W 195.477 0.7688
160 67 0.8 1 0.1 0.0191 0.0239 0.01 W 81.0262 0.845
160 76 0.8 1 0.1 0.0191 0.0239 0.01 W 312.7978 0.7923
160 107 0.8 1 0.1 0.0191 0.0239 0.01 W 139.2203 0.7675
160 114 0.8 1 0.1 0.0191 0.0239 0.01 W 48.6306 0.3951
160 116 0.8 1 0.1 0.0191 0.0239 0.01 W 126.9968 0.7361
160 118 0.8 1 0.1 0.0191 0.0239 0.01 W 78.1877 0.6079
160 121 0.8 1 0.1 0.0191 0.0239 0.01 W 102.8714 0.633
161 49 0.8 1 0.1 0.0191 0.0239 0.01 W 287.4011 1.0636
161 50 0.8 1 0.1 0.0191 0.0239 0.01 W 133.4401 0.9059
161 52 0.8 1 0.1 0.0191 0.0239 0.01 W 213.9027 1.0163
161 55 0.8 1 0.1 0.0191 0.0239 0.01 W 110.5213 0.7218
161 56 0.8 1 0.1 0.0191 0.0239 0.01 W 157.8549 0.7648
161 57 0.8 1 0.1 0.0191 0.0239 0.01 W 89.825 0.4622
161 77 0.8 1 0.1 0.0191 0.0239 0.01 W 105.4331 0.7572
161 108 0.8 1 0.1 0.0191 0.0239 0.01 W 280.7439 0.8934
161 117 0.8 1 0.1 0.0191 0.0239 0.01 W 164.5873 1.3206
161 121 0.8 1 0.1 0.0191 0.0239 0.01 W 134.7494 0.7254
162 50 0.8 1 0.1 0.0191 0.0239 0.01 W 347.6385 0.9144
162 56 0.8 1 0.1 0.0191 0.0239 0.01 W 128.894 0.8592
162 57 0.8 1 0.1 0.0191 0.0239 0.01 W 141.5589 0.5033
162 74 0.8 1 0.1 0.0191 0.0239 0.01 W 233.1728 0.7936
162 75 0.8 1 0.1 0.0191 0.0239 0.01 W 136.4222 0.8424
162 77 0.8 1 0.1 0.0191 0.0239 0.01 W 57.2836 0.7207
162 79 0.8 1 0.1 0.0191 0.0239 0.01 W 211.476 0.8328
162 115 0.8 1 0.1 0.0191 0.0239 0.01 W 169.8265 0.6457
162 116 0.8 1 0.1 0.0191 0.0239 0.01 W 130.2795 0.6009
162 119 0.8 1 0.1 0.0191 0.0239 0.01 W 215.9315 0.7705
162 120 0.8 1 0.1 0.0191 0.0239 0.01 W 267.6668 0.9565
162 121 0.8 1 0.1 0.0191 0.0239 0.01 W 161.2242 0.9076
162 122 0.8 1 0.1 0.0191 0.0239 0.01 W 179.7049 0.8039
163 50 0.8 1 0.1 0.0191 0.0239 0.01 W 52.9516 0.4657
163 56 0.8 1 0.1 0.0191 0.0239 0.01 W 89.8649 1.7827
163 57 0.8 1 0.1 0.0191 0.0239 0.01 W 207.3223 1.2617
163 60 0.8 1 0.1 0.0191 0.0239 0.01 W 189.0776 0.5982
163 75 0.8 1 0.1 0.0191 0.0239 0.01 W 172.2635 0.6747
163 78 0.8 1 0.1 0.0191 0.0239 0.01 W 173.271 0.6705
163 80 0.8 1 0.1 0.0191 0.0239 0.01 W 375.299 1.6008
163 81 0.8 1 0.1 0.0191 0.0239 0.01 W 152.4818 0.8145
163 115 0.8 1 0.1 0.0191 0.0239 0.01 W 178.2402 0.6097
163 116 0.8 1 0.1 0.0191 0.0239 0.01 W 250.6532 1.0222
163 120 0.8 1 0.1 0.0191 0.0239 0.01 W 219.8604 1.0403
164 74 0.8 1 0.1 0.0191 0.0239 0.01 W 128.591 0.7488
164 79 0.8 1 0.1 0.0191 0.0239 0.01 W 255.3989 0.8425
164 80 0.8 1 0.1 0.0191 0.0239 0.01 W 195.8053 0.7964
164 82 0.8 1 0.1 0.0191 0.0239 0.01 W 229.8921 0.9097
164 113 0.8 1 0.1 0.0191 0.0239 0.01 W 163.6789 0.6872
164 119 0.8 1 0.1 0.0191 0.0239 0.01 W 91.1982 0.6995
164 120 0.8 1 0.1 0.0191 0.0239 0.01 W 172.1039 1.1083
165 50 0.8 1 0.1 0.0191 0.0239 0.01 W 152.4154 1.0587
165 58 0.8 1 0.1 0.0191 0.0239 0.01 W 152.3901 1.0361
165 75 0.8 1 0.1 0.0191 0.0239 0.01 W 128.8509 0.59
165 76 0.8 1 0.1 0.0191 0.0239 0.01 W 253.4625 0.9645
165 77 0.8 1 0.1 0.0191 0.0239 0.01 W 286.9828 0.7471
165 78 0.8 1 0.1 0.0191 0.0239 0.01 W 225.2004 1.0987
165 79 0.8 1 0.1 0.0191 0.0239 0.01 W 153.6883 0.7931
165 80 0.8 1 0.1 0.0191 0.0239 0.01 W 169.7745 1.0675
165 91 0.8 1 0.1 0.0191 0.0239 0.01 W 283.5274 0.9394
166 50 0.8 1 0.1 0.0191 0.0239 0.01 W 93.8504 0.5139
166 63 0.8 1 0.1 0.0191 0.0239 0.01 W 125.0766 0.6595
166 64 0.8 1 0.1 0.0191 0.0239 0.01 W 141.5028 0.7259
166 67 0.8 1 0.1 0.0191 0.0239 0.01 W 211.3564 0.6707
166 68 0.8 1 0.1 0.0191 0.0239 0.01 W 286.6375 0.8215
166 74 0.8 1 0.1 0.0191 0.0239 0.01 W 126.0179 0.7366
166 75 0.8 1 0.1 0.0191 0.0239 0.01 W 347.0327 1.0412
166 92 0.8 1 0.1 0.0191 0.0239 0.01 W 337.3299 0.6724
167 56 0.8 1 0.1 0.0191 0.0239 0.01 W 150.671 1.4291
167 62 0.8 1 0.1 0.0191 0.0239 0.01 W 216.915 1.1106
167 63 0.8 1 0.1 0.0191 0.0239 0.01 W 71.6345 0.6796
167 64 0.8 1 0.1 0.0191 0.0239 0.01 W 148.1337 0.8227
167 65 0.8 1 0.1 0.0191 0.0239 0.01 W 229.667 0.6855
167 66 0.8 1 0.1 0.0191 0.0239 0.01 W 231.4774 1.2772
167 67 0.8 1 0.1 0.0191 0.0239 0.01 W 170.3232 1.0185