114 103
1 0.6 0.5 0.024 0.019 0.01 145 120 W 89.6122 0.6238 1
1 0.6 0.5 0.024 0.019 0.01 144 120 W 125.389 0.723 1
1 0.6 0.5 0.024 0.019 0.01 144 122 W 85.7166 0.6021 1
1 0.6 0.5 0.024 0.019 0.01 143 119 W 65.4313 0.5285 1
1 0.6 0.5 0.024 0.019 0.01 143 120 W 110.1718 0.6476 1
1 0.6 0.5 0.024 0.019 0.01 143 122 W 80.7232 0.6143 1
1 0.6 0.5 0.024 0.019 0.01 143 123 W 243.5254 0.8187 1
1 0.6 0.5 0.024 0.019 0.01 142 120 W 138.6536 0.7162 1
1 0.6 0.5 0.024 0.019 0.01 142 121 W 111.6129 0.8938 1
1 0.6 0.5 0.024 0.019 0.01 142 123 W 47.6099 0.5387 1
1 0.6 0.5 0.024 0.019 0.01 141 122 W 93.0054 0.6126 1
1 0.6 0.5 0.024 0.019 0.01 141 123 W 55.4611 0.6079 1
1 0.6 0.5 0.024 0.019 0.01 141 124 W 48.9251 0.7056 1
1 0.6 0.5 0.024 0.019 0.01 140 122 W 167.8091 1.3306 1
1 0.6 0.5 0.024 0.019 0.01 139 118 W 113.3217 0.6369 1
1 0.6 0.5 0.024 0.019 0.01 139 121 W 187.0775 0.6581 1
1 0.6 0.5 0.024 0.019 0.01 139 127 W 15.2989 0.8175 1
1 0.6 0.5 0.024 0.019 0.01 138 116 W 116.793 0.6142 1
1 0.6 0.5 0.024 0.019 0.01 138 119 W 176.2843 0.6993 1
1 0.6 0.5 0.024 0.019 0.01 138 120 W 132.2735 0.7447 1
1 0.6 0.5 0.024 0.019 0.01 138 122 W 307.4422 1.0094 1
1 0.6 0.5 0.024 0.019 0.01 138 123 W 92.4916 0.4783 1
1 0.6 0.5 0.024 0.019 0.01 138 126 W 16.0468 1.1979 1
1 0.6 0.5 0.024 0.019 0.01 137 114 W 27.9279 0.4878 1
1 0.6 0.5 0.024 0.019 0.01 137 115 W 118.8442 0.6293 1
1 0.6 0.5 0.024 0.019 0.01 137 116 W 103.0087 0.5735 1
1 0.6 0.5 0.024 0.019 0.01 137 117 W 114.956 0.6517 1
1 0.6 0.5 0.024 0.019 0.01 137 120 W 66.0317 0.4082 1
1 0.6 0.5 0.024 0.019 0.01 136 117 W 345.5652 0.9256 1
1 0.6 0.5 0.024 0.019 0.01 136 118 W 129.0452 0.7839 1
1 0.6 0.5 0.024 0.019 0.01 136 119 W 146.0735 0.6012 1
1 0.6 0.5 0.024 0.019 0.01 136 121 W 102.8132 0.7585 1
1 0.6 0.5 0.024 0.019 0.01 135 116 W 299.2831 0.7292 1
1 0.6 0.5 0.024 0.019 0.01 135 119 W 79.4848 0.6044 1
1 0.6 0.5 0.024 0.019 0.01 135 123 W 154.1917 0.5749 1
1 0.6 0.5 0.024 0.019 0.01 135 124 W 78.2113 0.5079 1
1 0.6 0.5 0.024 0.019 0.01 135 126 W 222.6929 0.625 1
1 0.6 0.5 0.024 0.019 0.01 135 128 W 112.0735 0.6622 1
1 0.6 0.5 0.024 0.019 0.01 134 113 W 153.0544 0.4716 1
1 0.6 0.5 0.024 0.019 0.01 134 115 W 124.6162 0.6439 1
1 0.6 0.5 0.024 0.019 0.01 134 117 W 166.8894 0.7472 1
1 0.6 0.5 0.024 0.019 0.01 134 123 W 295.6588 0.8385 1
1 0.6 0.5 0.024 0.019 0.01 134 126 W 85.1324 0.6573 1
1 0.6 0.5 0.024 0.019 0.01 133 111 W 231.3598 0.8641 1
1 0.6 0.5 0.024 0.019 0.01 133 115 W 89.9645 0.6802 1
1 0.6 0.5 0.024 0.019 0.01 133 119 W 206.1801 0.6887 1
1 0.6 0.5 0.024 0.019 0.01 133 121 W 102.3927 0.6534 1
1 0.6 0.5 0.024 0.019 0.01 133 122 W 70.142 0.645 1
1 0.6 0.5 0.024 0.019 0.01 132 111 W 148.8782 0.6892 1
1 0.6 0.5 0.024 0.019 0.01 132 112 W 120.8479 0.5663 1
1 0.6 0.5 0.024 0.019 0.01 132 115 W 140.4807 0.5457 1
1 0.6 0.5 0.024 0.019 0.01 132 117 W 215.4584 0.654 1
1 0.6 0.5 0.024 0.019 0.01 132 119 W 89.9866 0.6309 1
1 0.6 0.5 0.024 0.019 0.01 132 120 W 160.1132 0.6771 1
1 0.6 0.5 0.024 0.019 0.01 132 121 W 142.6946 0.9273 1
1 0.6 0.5 0.024 0.019 0.01 132 122 W 176.4234 0.5901 1
1 0.6 0.5 0.024 0.019 0.01 132 126 W 113.5551 0.8844 1
1 0.6 0.5 0.024 0.019 0.01 131 114 W 93.5527 0.6118 1
1 0.6 0.5 0.024 0.019 0.01 131 118 W 67.6826 0.6199 1
1 0.6 0.5 0.024 0.019 0.01 131 119 W 84.4479 0.8903 1
1 0.6 0.5 0.024 0.019 0.01 131 124 W 169.9586 0.7161 1
1 0.6 0.5 0.024 0.019 0.01 131 126 W 111.7091 0.6596 1
1 0.6 0.5 0.024 0.019 0.01 130 106 W 56.7999 0.3244 1
1 0.6 0.5 0.024 0.019 0.01 130 114 W 210.6125 0.8201 1
1 0.6 0.5 0.024 0.019 0.01 130 115 W 175.2145 0.7201 1
1 0.6 0.5 0.024 0.019 0.01 130 116 W 164.4272 0.5824 1
1 0.6 0.5 0.024 0.019 0.01 130 117 W 179.9484 0.7896 1
1 0.6 0.5 0.024 0.019 0.01 130 118 W 201.9755 0.9379 1
1 0.6 0.5 0.024 0.019 0.01 130 119 W 332.3814 0.7025 1
1 0.6 0.5 0.024 0.019 0.01 130 121 W 246.9119 0.7017 1
1 0.6 0.5 0.024 0.019 0.01 130 122 W 313.2913 1.16 1
1 0.6 0.5 0.024 0.019 0.01 130 123 W 151.6059 0.7082 1
1 0.6 0.5 0.024 0.019 0.01 130 124 W 181.9986 0.7732 1
1 0.6 0.5 0.024 0.019 0.01 129 118 W 225.3898 0.7041 1
1 0.6 0.5 0.024 0.019 0.01 129 120 W 98.9662 0.6122 1
1 0.6 0.5 0.024 0.019 0.01 129 121 W 126.3333 0.6353 1
1 0.6 0.5 0.024 0.019 0.01 129 122 W 100.2747 0.8733 1
1 0.6 0.5 0.024 0.019 0.01 129 123 W 227.1606 0.798 1
1 0.6 0.5 0.024 0.019 0.01 129 125 W 146.4473 0.5866 1
1 0.6 0.5 0.024 0.019 0.01 129 126 W 129.1669 0.6546 1
1 0.6 0.5 0.024 0.019 0.01 128 117 W 205.3807 0.6826 1
1 0.6 0.5 0.024 0.019 0.01 128 121 W 58.9264 0.7279 1
1 0.6 0.5 0.024 0.019 0.01 128 122 W 296.8682 0.7121 1
1 0.6 0.5 0.024 0.019 0.01 128 123 W 104.6354 0.7036 1
1 0.6 0.5 0.024 0.019 0.01 127 115 W 242.9968 0.7919 1
1 0.6 0.5 0.024 0.019 0.01 127 117 W 92.0527 0.6915 1
1 0.6 0.5 0.024 0.019 0.01 127 118 W 108.8393 0.7375 1
1 0.6 0.5 0.024 0.019 0.01 127 119 W 322.8193 0.9394 1
1 0.6 0.5 0.024 0.019 0.01 127 120 W 348.3721 0.82 1
1 0.6 0.5 0.024 0.019 0.01 127 121 W 60.4197 0.7698 1
1 0.6 0.5 0.024 0.019 0.01 127 122 W 194.0256 0.7431 1
1 0.6 0.5 0.024 0.019 0.01 127 124 W 148.4448 1.0005 1
1 0.6 0.5 0.024 0.019 0.01 127 126 W 169.9083 0.8283 1
1 0.6 0.5 0.024 0.019 0.01 126 116 W 146.1324 0.6557 1
1 0.6 0.5 0.024 0.019 0.01 126 117 W 74.4571 0.6302 1
1 0.6 0.5 0.024 0.019 0.01 126 118 W 131.5085 1.0289 1
1 0.6 0.5 0.024 0.019 0.01 126 119 W 109.3021 0.714 1
1 0.6 0.5 0.024 0.019 0.01 126 120 W 238.8508 0.9338 1
1 0.6 0.5 0.024 0.019 0.01 126 121 W 108.5926 0.8529 1
1 0.6 0.5 0.024 0.019 0.01 126 122 W 215.916 1.0035 1
1 0.6 0.5 0.024 0.019 0.01 126 123 W 279.6814 0.8842 1
1 0.6 0.5 0.024 0.019 0.01 126 124 W 169.0561 0.5924 1
1 0.6 0.5 0.024 0.019 0.01 126 126 W 68.2365 0.6337 1
1 0.6 0.5 0.024 0.019 0.01 126 127 W 178.2123 0.6062 1
1 0.6 0.5 0.024 0.019 0.01 125 115 W 68.9179 0.8268 1
1 0.6 0.5 0.024 0.019 0.01 125 116 W 91.9506 0.6488 1
1 0.6 0.5 0.024 0.019 0.01 125 117 W 107.4956 0.6168 1
1 0.6 0.5 0.024 0.019 0.01 125 118 W 157.0222 0.9064 1
1 0.6 0.5 0.024 0.019 0.01 125 119 W 91.3357 0.793 1
1 0.6 0.5 0.024 0.019 0.01 125 123 W 149.1028 0.8738 1
1 0.6 0.5 0.024 0.019 0.01 125 125 W 144.379 0.6287 1
1 0.6 0.5 0.024 0.019 0.01 125 126 W 72.8025 0.7551 1
1 0.6 0.5 0.024 0.019 0.01 125 127 W 114.2118 0.683 1
1 0.6 0.5 0.024 0.019 0.01 125 128 W 62.6924 0.4836 1
1 0.6 0.5 0.024 0.019 0.01 124 112 W 118.4617 0.7001 1
1 0.6 0.5 0.024 0.019 0.01 124 114 W 121.2481 0.5697 1
1 0.6 0.5 0.024 0.019 0.01 124 116 W 230.503 1.0191 1
1 0.6 0.5 0.024 0.019 0.01 124 119 W 180.9529 0.6028 1
1 0.6 0.5 0.024 0.019 0.01 124 122 W 100.8254 0.4785 1
1 0.6 0.5 0.024 0.019 0.01 124 123 W 65.9947 0.7626 1
1 0.6 0.5 0.024 0.019 0.01 124 125 W 187.1543 0.6445 1
1 0.6 0.5 0.024 0.019 0.01 124 129 W 70.98 0.5061 1
1 0.6 0.5 0.024 0.019 0.01 123 111 W 133.6698 0.7478 1
1 0.6 0.5 0.024 0.019 0.01 123 112 W 101.7249 0.6351 1
1 0.6 0.5 0.024 0.019 0.01 123 113 W 160.4711 0.7113 1
1 0.6 0.5 0.024 0.019 0.01 123 114 W 88.9601 0.522 1
1 0.6 0.5 0.024 0.019 0.01 123 121 W 148.5484 0.6237 1
1 0.6 0.5 0.024 0.019 0.01 123 122 W 91.9193 0.6667 1
1 0.6 0.5 0.024 0.019 0.01 123 124 W 207.0086 0.9059 1
1 0.6 0.5 0.024 0.019 0.01 123 125 W 76.5181 0.6375 1
1 0.6 0.5 0.024 0.019 0.01 123 126 W 143.9152 0.5193 1
1 0.6 0.5 0.024 0.019 0.01 123 128 W 169.4794 0.6822 1
1 0.6 0.5 0.024 0.019 0.01 123 129 W 187.8852 0.6125 1
1 0.6 0.5 0.024 0.019 0.01 122 105 W 122.8754 0.5128 1
1 0.6 0.5 0.024 0.019 0.01 122 112 W 134.1986 0.7028 1
1 0.6 0.5 0.024 0.019 0.01 122 113 W 128.1098 0.6975 1
1 0.6 0.5 0.024 0.019 0.01 122 117 W 344.3045 0.7424 1
1 0.6 0.5 0.024 0.019 0.01 122 121 W 147.8627 0.9293 1
1 0.6 0.5 0.024 0.019 0.01 122 122 W 97.947 0.7606 1
1 0.6 0.5 0.024 0.019 0.01 122 123 W 73.5287 0.6095 1
1 0.6 0.5 0.024 0.019 0.01 122 124 W 245.7558 0.6108 1
1 0.6 0.5 0.024 0.019 0.01 122 129 W 238.8214 0.7195 1
1 0.6 0.5 0.024 0.019 0.01 122 130 W 60.4772 0.5843 1
1 0.6 0.5 0.024 0.019 0.01 121 104 W 134.7019 0.4504 1
1 0.6 0.5 0.024 0.019 0.01 121 109 W 204.8956 0.6807 1
1 0.6 0.5 0.024 0.019 0.01 121 111 W 277.2082 0.5488 1
1 0.6 0.5 0.024 0.019 0.01 121 122 W 208.7634 0.7907 1
1 0.6 0.5 0.024 0.019 0.01 121 123 W 59.4313 0.6097 1
1 0.6 0.5 0.024 0.019 0.01 121 124 W 170.0953 0.7043 1
1 0.6 0.5 0.024 0.019 0.01 121 125 W 190.1966 0.8034 1
1 0.6 0.5 0.024 0.019 0.01 121 126 W 155.3766 0.7821 1
1 0.6 0.5 0.024 0.019 0.01 121 127 W 255.2497 0.8392 1
1 0.6 0.5 0.024 0.019 0.01 121 129 W 352.9848 0.9138 1
1 0.6 0.5 0.024 0.019 0.01 121 130 W 134.4623 0.7548 1
1 0.6 0.5 0.024 0.019 0.01 120 110 W 155.4483 0.6982 1
1 0.6 0.5 0.024 0.019 0.01 120 113 W 315.9764 1.0161 1
1 0.6 0.5 0.024 0.019 0.01 120 116 W 166.5011 0.5282 1
1 0.6 0.5 0.024 0.019 0.01 120 117 W 258.5428 1.6051 1
1 0.6 0.5 0.024 0.019 0.01 120 120 W 147.0021 0.5892 1
1 0.6 0.5 0.024 0.019 0.01 120 121 W 284.9056 0.5807 1
1 0.6 0.5 0.024 0.019 0.01 120 122 W 253.3979 1.8646 1
1 0.6 0.5 0.024 0.019 0.01 120 123 W 163.1546 0.7258 1
1 0.6 0.5 0.024 0.019 0.01 120 124 W 138.7592 0.7111 1
1 0.6 0.5 0.024 0.019 0.01 120 127 W 292.8065 0.9626 1
1 0.6 0.5 0.024 0.019 0.01 120 128 W 197.5952 0.7153 1
1 0.6 0.5 0.024 0.019 0.01 120 129 W 129.5231 0.7184 1
1 0.6 0.5 0.024 0.019 0.01 119 106 W 196.4202 0.6709 1
1 0.6 0.5 0.024 0.019 0.01 119 108 W 147.4594 0.7136 1
1 0.6 0.5 0.024 0.019 0.01 119 109 W 332.2746 0.8102 1
1 0.6 0.5 0.024 0.019 0.01 119 111 W 168.837 0.6542 1
1 0.6 0.5 0.024 0.019 0.01 119 118 W 224.1908 1.0313 1
1 0.6 0.5 0.024 0.019 0.01 119 119 W 352.1697 0.8826 1
1 0.6 0.5 0.024 0.019 0.01 119 121 W 225.4732 0.8256 1
1 0.6 0.5 0.024 0.019 0.01 119 122 W 89.0052 0.7765 1
1 0.6 0.5 0.024 0.019 0.01 119 123 W 87.2737 0.7164 1
1 0.6 0.5 0.024 0.019 0.01 119 124 W 81.5289 0.7516 1
1 0.6 0.5 0.024 0.019 0.01 119 125 W 56.4739 0.5034 1
1 0.6 0.5 0.024 0.019 0.01 119 126 W 101.807 0.6706 1
1 0.6 0.5 0.024 0.019 0.01 119 127 W 186.9717 0.8734 1
1 0.6 0.5 0.024 0.019 0.01 119 129 W 158.2388 0.856 1
1 0.6 0.5 0.024 0.019 0.01 118 118 W 186.9842 0.9173 1
1 0.6 0.5 0.024 0.019 0.01 118 121 W 84.1398 0.6501 1
1 0.6 0.5 0.024 0.019 0.01 118 123 W 59.0102 0.7057 1
1 0.6 0.5 0.024 0.019 0.01 118 124 W 76.5339 0.6435 1
1 0.6 0.5 0.024 0.019 0.01 118 125 W 80.9779 0.7248 1
1 0.6 0.5 0.024 0.019 0.01 118 126 W 192.7714 0.7404 1
1 0.6 0.5 0.024 0.019 0.01 118 127 W 208.0439 0.8115 1
1 0.6 0.5 0.024 0.019 0.01 117 110 W 130.546 0.5113 1
1 0.6 0.5 0.024 0.019 0.01 117 119 W 211.9491 0.7558 1
1 0.6 0.5 0.024 0.019 0.01 117 122 W 76.9864 0.7034 1
1 0.6 0.5 0.024 0.019 0.01 117 126 W 138.3964 0.9259 1
1 0.6 0.5 0.024 0.019 0.01 117 127 W 74.4372 0.4142 1
1 0.6 0.5 0.024 0.019 0.01 117 129 W 165.0593 0.6753 1
1 0.6 0.5 0.024 0.019 0.01 117 130 W 134.5705 0.571 1
1 0.6 0.5 0.024 0.019 0.01 116 100 W 70.2694 0.522 1
1 0.6 0.5 0.024 0.019 0.01 116 117 W 70.6216 0.6122 1
1 0.6 0.5 0.024 0.019 0.01 116 118 W 58.1235 0.6818 1
1 0.6 0.5 0.024 0.019 0.01 116 119 W 92.258 1.084 1
1 0.6 0.5 0.024 0.019 0.01 116 120 W 44.0334 0.7324 1
1 0.6 0.5 0.024 0.019 0.01 116 121 W 70.3951 0.6766 1
1 0.6 0.5 0.024 0.019 0.01 116 122 W 307.3259 0.7128 1
1 0.6 0.5 0.024 0.019 0.01 116 126 W 167.0583 0.6539 1
1 0.6 0.5 0.024 0.019 0.01 116 128 W 154.2395 0.685 1
1 0.6 0.5 0.024 0.019 0.01 116 131 W 166.0193 0.7484 1
1 0.6 0.5 0.024 0.019 0.01 116 133 W 299.6392 0.7864 1
1 0.6 0.5 0.024 0.019 0.01 115 116 W 111.7892 0.534 1
1 0.6 0.5 0.024 0.019 0.01 115 117 W 70.6031 0.7452 1
1 0.6 0.5 0.024 0.019 0.01 115 119 W 89.8956 0.7387 1
1 0.6 0.5 0.024 0.019 0.01 115 120 W 88.3475 0.7965 1
1 0.6 0.5 0.024 0.019 0.01 115 121 W 206.5184 1.0083 1
1 0.6 0.5 0.024 0.019 0.01 115 122 W 113.3017 0.7223 1
1 0.6 0.5 0.024 0.019 0.01 115 124 W 335.6576 0.7405 1
1 0.6 0.5 0.024 0.019 0.01 115 131 W 253.3824 0.5613 1
1 0.6 0.5 0.024 0.019 0.01 114 116 W 131.4268 0.6109 1
1 0.6 0.5 0.024 0.019 0.01 114 117 W 148.2707 0.6947 1
1 0.6 0.5 0.024 0.019 0.01 114 120 W 63.1477 0.6741 1
1 0.6 0.5 0.024 0.019 0.01 114 121 W 67.6073 0.6805 1
1 0.6 0.5 0.024 0.019 0.01 114 122 W 79.3996 0.6718 1
1 0.6 0.5 0.024 0.019 0.01 114 123 W 83.7492 0.758 1
1 0.6 0.5 0.024 0.019 0.01 114 124 W 60.5541 0.6935 1
1 0.6 0.5 0.024 0.019 0.01 114 125 W 79.0559 0.6809 1
1 0.6 0.5 0.024 0.019 0.01 114 126 W 240.8288 0.938 1
1 0.6 0.5 0.024 0.019 0.01 114 132 W 197.3439 0.977 1
1 0.6 0.5 0.024 0.019 0.01 113 116 W 154.7558 0.6183 1
1 0.6 0.5 0.024 0.019 0.01 113 119 W 77.3905 0.7052 1
1 0.6 0.5 0.024 0.019 0.01 113 120 W 120.02 0.5351 1
1 0.6 0.5 0.024 0.019 0.01 113 121 W 124.248 0.8577 1
1 0.6 0.5 0.024 0.019 0.01 113 122 W 96.9079 0.5943 1
1 0.6 0.5 0.024 0.019 0.01 113 123 W 64.9644 0.7562 1
1 0.6 0.5 0.024 0.019 0.01 113 124 W 445.7408 1.2627 1
1 0.6 0.5 0.024 0.019 0.01 113 125 W 142.8917 0.6073 1
1 0.6 0.5 0.024 0.019 0.01 113 126 W 57.7752 0.6843 1
1 0.6 0.5 0.024 0.019 0.01 112 117 W 142.564 0.6205 1
1 0.6 0.5 0.024 0.019 0.01 112 126 W 123.2941 0.7485 1
1 0.6 0.5 0.024 0.019 0.01 112 128 W 75.3659 0.6338 1
1 0.6 0.5 0.024 0.019 0.01 111 100 W 141.1304 0.627 1
1 0.6 0.5 0.024 0.019 0.01 111 118 W 201.8242 0.6588 1
1 0.6 0.5 0.024 0.019 0.01 111 122 W 140.7539 0.8226 1
1 0.6 0.5 0.024 0.019 0.01 111 124 W 172.0888 0.6513 1
1 0.6 0.5 0.024 0.019 0.01 111 125 W 130.3746 0.5735 1
1 0.6 0.5 0.024 0.019 0.01 111 126 W 173.2268 0.8949 1
1 0.6 0.5 0.024 0.019 0.01 111 127 W 89.2748 0.7191 1
1 0.6 0.5 0.024 0.019 0.01 111 130 W 264.1537 0.8268 1
1 0.6 0.5 0.024 0.019 0.01 111 134 W 77.9307 0.6596 1
1 0.6 0.5 0.024 0.019 0.01 110 112 W 123.433 0.5374 1
1 0.6 0.5 0.024 0.019 0.01 110 113 W 101.055 0.6709 1
1 0.6 0.5 0.024 0.019 0.01 110 115 W 142.9874 0.7363 1
1 0.6 0.5 0.024 0.019 0.01 110 117 W 95.5986 0.5709 1
1 0.6 0.5 0.024 0.019 0.01 110 118 W 275.108 0.696 1
1 0.6 0.5 0.024 0.019 0.01 110 121 W 149.3502 0.7655 1
1 0.6 0.5 0.024 0.019 0.01 110 122 W 136.6638 0.8467 1
1 0.6 0.5 0.024 0.019 0.01 110 124 W 238.1909 0.8446 1
1 0.6 0.5 0.024 0.019 0.01 110 125 W 275.9072 0.8831 1
1 0.6 0.5 0.024 0.019 0.01 110 127 W 317.8329 0.8262 1
1 0.6 0.5 0.024 0.019 0.01 110 128 W 99.9847 0.6796 1
1 0.6 0.5 0.024 0.019 0.01 110 129 W 255.6751 0.624 1
1 0.6 0.5 0.024 0.019 0.01 110 131 W 100.2903 0.6067 1
1 0.6 0.5 0.024 0.019 0.01 109 94 W 82.8091 0.5917 1
1 0.6 0.5 0.024 0.019 0.01 109 96 W 113.5641 0.5366 1
1 0.6 0.5 0.024 0.019 0.01 109 111 W 68.6448 0.7294 1
1 0.6 0.5 0.024 0.019 0.01 109 112 W 191.4605 0.7339 1
1 0.6 0.5 0.024 0.019 0.01 109 113 W 95.5176 0.7357 1
1 0.6 0.5 0.024 0.019 0.01 109 114 W 152.0667 1.0276 1
1 0.6 0.5 0.024 0.019 0.01 109 115 W 71.4773 0.5884 1
1 0.6 0.5 0.024 0.019 0.01 109 117 W 85.4184 0.7955 1
1 0.6 0.5 0.024 0.019 0.01 109 119 W 191.6349 0.6971 1
1 0.6 0.5 0.024 0.019 0.01 109 122 W 82.5934 0.671 1
1 0.6 0.5 0.024 0.019 0.01 109 124 W 150.1805 0.6648 1
1 0.6 0.5 0.024 0.019 0.01 109 128 W 163.5683 0.8064 1
1 0.6 0.5 0.024 0.019 0.01 109 129 W 115.086 1.0712 1
1 0.6 0.5 0.024 0.019 0.01 109 130 W 71.6137 0.7207 1
1 0.6 0.5 0.024 0.019 0.01 109 132 W 357.2209 0.8629 1
1 0.6 0.5 0.024 0.019 0.01 108 95 W 155.2015 0.5968 1
1 0.6 0.5 0.024 0.019 0.01 108 96 W 232.73 0.647 1
1 0.6 0.5 0.024 0.019 0.01 108 97 W 295.4199 1.0222 1
1 0.6 0.5 0.024 0.019 0.01 108 103 W 184.6769 0.6372 1
1 0.6 0.5 0.024 0.019 0.01 108 111 W 122.0565 0.6637 1
1 0.6 0.5 0.024 0.019 0.01 108 112 W 112.3 0.8045 1
1 0.6 0.5 0.024 0.019 0.01 108 113 W 65.2939 0.7013 1
1 0.6 0.5 0.024 0.019 0.01 108 115 W 112.9636 0.7137 1
1 0.6 0.5 0.024 0.019 0.01 108 117 W 106.976 0.7052 1
1 0.6 0.5 0.024 0.019 0.01 108 122 W 106.2809 0.6945 1
1 0.6 0.5 0.024 0.019 0.01 108 123 W 67.8111 0.7091 1
1 0.6 0.5 0.024 0.019 0.01 108 128 W 223.2988 0.6094 1
1 0.6 0.5 0.024 0.019 0.01 108 129 W 81.6006 0.682 1
1 0.6 0.5 0.024 0.019 0.01 108 130 W 252.7565 0.9035 1
1 0.6 0.5 0.024 0.019 0.01 108 132 W 129.629 0.7237 1
1 0.6 0.5 0.024 0.019 0.01 108 136 W 79.7143 0.7366 1
1 0.6 0.5 0.024 0.019 0.01 107 92 W 126.1558 0.6248 1
1 0.6 0.5 0.024 0.019 0.01 107 93 W 128.2148 0.4886 1
1 0.6 0.5 0.024 0.019 0.01 107 95 W 95.4948 0.6979 1
1 0.6 0.5 0.024 0.019 0.01 107 96 W 140.3547 0.9646 1
1 0.6 0.5 0.024 0.019 0.01 107 98 W 202.6623 1.0304 1
1 0.6 0.5 0.024 0.019 0.01 107 100 W 71.3532 0.7687 1
1 0.6 0.5 0.024 0.019 0.01 107 101 W 206.7944 0.7412 1
1 0.6 0.5 0.024 0.019 0.01 107 113 W 56.1514 0.5878 1
1 0.6 0.5 0.024 0.019 0.01 107 117 W 91.1708 0.6324 1
1 0.6 0.5 0.024 0.019 0.01 107 119 W 131.2771 0.6443 1
1 0.6 0.5 0.024 0.019 0.01 107 120 W 198.3173 0.6174 1
1 0.6 0.5 0.024 0.019 0.01 107 121 W 98.1318 1.0851 1
1 0.6 0.5 0.024 0.019 0.01 107 122 W 236.1217 0.6201 1
1 0.6 0.5 0.024 0.019 0.01 107 128 W 148.7212 0.6533 1
1 0.6 0.5 0.024 0.019 0.01 107 129 W 74.8853 0.6855 1
1 0.6 0.5 0.024 0.019 0.01 107 130 W 132.456 0.5914 1
1 0.6 0.5 0.024 0.019 0.01 107 131 W 136.2415 0.6345 1
1 0.6 0.5 0.024 0.019 0.01 107 133 W 281.8537 0.6759 1
1 0.6 0.5 0.024 0.019 0.01 106 93 W 203.6001 0.6026 1
1 0.6 0.5 0.024 0.019 0.01 106 95 W 236.6165 0.6072 1
1 0.6 0.5 0.024 0.019 0.01 106 96 W 45.6777 0.6987 1
1 0.6 0.5 0.024 0.019 0.01 106 97 W 63.8701 0.6435 1
1 0.6 0.5 0.024 0.019 0.01 106 99 W 88.5535 0.6833 1
1 0.6 0.5 0.024 0.019 0.01 106 100 W 32.6971 0.7162 1
1 0.6 0.5 0.024 0.019 0.01 106 101 W 46.4499 0.6674 1
1 0.6 0.5 0.024 0.019 0.01 106 103 W 128.7035 0.6379 1
1 0.6 0.5 0.024 0.019 0.01 106 104 W 109.3124 0.719 1
1 0.6 0.5 0.024 0.019 0.01 106 108 W 182.7412 0.6788 1
1 0.6 0.5 0.024 0.019 0.01 106 110 W 240.9457 0.7952 1
1 0.6 0.5 0.024 0.019 0.01 106 111 W 82.9281 0.4697 1
1 0.6 0.5 0.024 0.019 0.01 106 115 W 101.0604 0.7003 1
1 0.6 0.5 0.024 0.019 0.01 106 116 W 221.6536 0.5682 1
1 0.6 0.5 0.024 0.019 0.01 106 117 W 112.0538 0.6684 1
1 0.6 0.5 0.024 0.019 0.01 106 118 W 90.5904 0.6075 1
1 0.6 0.5 0.024 0.019 0.01 106 119 W 63.9117 0.6866 1
1 0.6 0.5 0.024 0.019 0.01 106 120 W 158.2565 0.6429 1
1 0.6 0.5 0.024 0.019 0.01 106 127 W 343.9558 0.8632 1
1 0.6 0.5 0.024 0.019 0.01 106 129 W 130.496 0.7616 1
1 0.6 0.5 0.024 0.019 0.01 106 130 W 117.1522 0.5619 1
1 0.6 0.5 0.024 0.019 0.01 106 132 W 217.785 0.9902 1
1 0.6 0.5 0.024 0.019 0.01 105 93 W 64.4748 0.6193 1
1 0.6 0.5 0.024 0.019 0.01 105 95 W 31.6977 0.7088 1
1 0.6 0.5 0.024 0.019 0.01 105 96 W 113.1133 0.543 1
1 0.6 0.5 0.024 0.019 0.01 105 97 W 105.4 0.6733 1
1 0.6 0.5 0.024 0.019 0.01 105 98 W 73.7671 0.6754 1
1 0.6 0.5 0.024 0.019 0.01 105 99 W 75.7366 0.6113 1
1 0.6 0.5 0.024 0.019 0.01 105 100 W 35.8058 0.7678 1
1 0.6 0.5 0.024 0.019 0.01 105 101 W 23.7738 0.6504 1
1 0.6 0.5 0.024 0.019 0.01 105 102 W 68.752 0.7479 1
1 0.6 0.5 0.024 0.019 0.01 105 103 W 84.0814 0.763 1
1 0.6 0.5 0.024 0.019 0.01 105 104 W 278.6936 0.8329 1
1 0.6 0.5 0.024 0.019 0.01 105 107 W 100.1948 0.7123 1
1 0.6 0.5 0.024 0.019 0.01 105 108 W 318.3146 0.7541 1
1 0.6 0.5 0.024 0.019 0.01 105 109 W 207.8432 0.6472 1
1 0.6 0.5 0.024 0.019 0.01 105 110 W 156.3169 0.5003 1
1 0.6 0.5 0.024 0.019 0.01 105 111 W 202.0622 0.9276 1
1 0.6 0.5 0.024 0.019 0.01 105 112 W 83.8266 0.6442 1
1 0.6 0.5 0.024 0.019 0.01 105 114 W 140.8215 0.7398 1
1 0.6 0.5 0.024 0.019 0.01 105 115 W 65.3364 0.5911 1
1 0.6 0.5 0.024 0.019 0.01 105 117 W 217.0445 0.732 1
1 0.6 0.5 0.024 0.019 0.01 105 118 W 247.5331 0.6076 1
1 0.6 0.5 0.024 0.019 0.01 105 119 W 150.3229 1.108 1
1 0.6 0.5 0.024 0.019 0.01 105 120 W 119.4436 0.683 1
1 0.6 0.5 0.024 0.019 0.01 105 129 W 31.9946 0.443 1
1 0.6 0.5 0.024 0.019 0.01 105 130 W 125.6281 0.6405 1
1 0.6 0.5 0.024 0.019 0.01 104 93 W 61.861 0.5345 1
1 0.6 0.5 0.024 0.019 0.01 104 95 W 73.2605 0.5941 1
1 0.6 0.5 0.024 0.019 0.01 104 98 W 163.9094 1.2493 1
1 0.6 0.5 0.024 0.019 0.01 104 99 W 46.9556 0.6212 1
1 0.6 0.5 0.024 0.019 0.01 104 100 W 47.8703 0.5958 1
1 0.6 0.5 0.024 0.019 0.01 104 101 W 28.3638 0.7115 1
1 0.6 0.5 0.024 0.019 0.01 104 102 W 24.9242 0.815 1
1 0.6 0.5 0.024 0.019 0.01 104 103 W 98.8452 0.6896 1
1 0.6 0.5 0.024 0.019 0.01 104 105 W 68.7274 0.5845 1
1 0.6 0.5 0.024 0.019 0.01 104 107 W 122.067 0.823 1
1 0.6 0.5 0.024 0.019 0.01 104 108 W 46.8253 0.7238 1
1 0.6 0.5 0.024 0.019 0.01 104 109 W 103.6889 0.9088 1
1 0.6 0.5 0.024 0.019 0.01 104 112 W 78.8039 0.7991 1
1 0.6 0.5 0.024 0.019 0.01 104 113 W 104.1482 0.6224 1
1 0.6 0.5 0.024 0.019 0.01 104 114 W 113.9667 0.6734 1
1 0.6 0.5 0.024 0.019 0.01 104 115 W 87.8976 0.6649 1
1 0.6 0.5 0.024 0.019 0.01 104 116 W 84.4419 0.5688 1
1 0.6 0.5 0.024 0.019 0.01 104 118 W 197.4604 0.6505 1
1 0.6 0.5 0.024 0.019 0.01 104 138 W 131.2351 0.6006 1
1 0.6 0.5 0.024 0.019 0.01 103 93 W 86.8811 0.5308 1
1 0.6 0.5 0.024 0.019 0.01 103 94 W 84.6616 0.7531 1
1 0.6 0.5 0.024 0.019 0.01 103 95 W 240.1353 0.8818 1
1 0.6 0.5 0.024 0.019 0.01 103 98 W 35.3621 0.415 1
1 0.6 0.5 0.024 0.019 0.01 103 99 W 65.5484 0.7301 1
1 0.6 0.5 0.024 0.019 0.01 103 100 W 177.4861 0.9841 1
1 0.6 0.5 0.024 0.019 0.01 103 101 W 47.024 0.6814 1
1 0.6 0.5 0.024 0.019 0.01 103 102 W 26.0333 0.6947 1
1 0.6 0.5 0.024 0.019 0.01 103 103 W 53.76 0.7505 1
1 0.6 0.5 0.024 0.019 0.01 103 104 W 127.849 0.7871 1
1 0.6 0.5 0.024 0.019 0.01 103 105 W 115.5094 0.5925 1
1 0.6 0.5 0.024 0.019 0.01 103 106 W 88.6816 0.7333 1
1 0.6 0.5 0.024 0.019 0.01 103 107 W 32.3214 0.7155 1
1 0.6 0.5 0.024 0.019 0.01 103 110 W 86.2955 0.631 1
1 0.6 0.5 0.024 0.019 0.01 103 111 W 44.6741 0.7655 1
1 0.6 0.5 0.024 0.019 0.01 103 112 W 95.7921 0.6635 1
1 0.6 0.5 0.024 0.019 0.01 103 114 W 128.4297 1.0234 1
1 0.6 0.5 0.024 0.019 0.01 103 115 W 136.1688 0.9325 1
1 0.6 0.5 0.024 0.019 0.01 103 116 W 154.5942 0.7964 1
1 0.6 0.5 0.024 0.019 0.01 103 117 W 107.3204 0.4618 1
1 0.6 0.5 0.024 0.019 0.01 103 123 W 182.3165 0.7409 1
1 0.6 0.5 0.024 0.019 0.01 102 80 W 208.623 0.717 1
1 0.6 0.5 0.024 0.019 0.01 102 92 W 118.1313 0.7319 1
1 0.6 0.5 0.024 0.019 0.01 102 93 W 72.9632 0.5277 1
1 0.6 0.5 0.024 0.019 0.01 102 94 W 58.844 0.6553 1
1 0.6 0.5 0.024 0.019 0.01 102 95 W 295.641 0.935 1
1 0.6 0.5 0.024 0.019 0.01 102 99 W 133.8023 0.8235 1
1 0.6 0.5 0.024 0.019 0.01 102 100 W 119.8698 0.6 1
1 0.6 0.5 0.024 0.019 0.01 102 102 W 51.7688 0.6571 1
1 0.6 0.5 0.024 0.019 0.01 102 103 W 44.271 0.6944 1
1 0.6 0.5 0.024 0.019 0.01 102 104 W 55.3986 0.7649 1
1 0.6 0.5 0.024 0.019 0.01 102 106 W 79.8432 0.6633 1
1 0.6 0.5 0.024 0.019 0.01 102 107 W 106.4831 0.8239 1
1 0.6 0.5 0.024 0.019 0.01 102 109 W 86.3396 0.7296 1
1 0.6 0.5 0.024 0.019 0.01 102 110 W 83.5341 0.7239 1
1 0.6 0.5 0.024 0.019 0.01 102 112 W 128.9245 0.5353 1
1 0.6 0.5 0.024 0.019 0.01 102 114 W 138.9581 0.5451 1
1 0.6 0.5 0.024 0.019 0.01 102 115 W 83.3779 0.6376 1
1 0.6 0.5 0.024 0.019 0.01 102 124 W 243.6801 0.8332 1
1 0.6 0.5 0.024 0.019 0.01 101 79 W 32.6896 0.4585 1
1 0.6 0.5 0.024 0.019 0.01 101 92 W 80.3393 0.6698 1
1 0.6 0.5 0.024 0.019 0.01 101 93 W 217.7842 0.9951 1
1 0.6 0.5 0.024 0.019 0.01 101 95 W 75.1613 0.6642 1
1 0.6 0.5 0.024 0.019 0.01 101 96 W 61.8794 0.6753 1
1 0.6 0.5 0.024 0.019 0.01 101 97 W 117.4585 0.949 1
1 0.6 0.5 0.024 0.019 0.01 101 98 W 139.8872 0.683 1
1 0.6 0.5 0.024 0.019 0.01 101 100 W 95.9962 0.6145 1
1 0.6 0.5 0.024 0.019 0.01 101 101 W 94.225 0.8573 1
1 0.6 0.5 0.024 0.019 0.01 101 102 W 48.7371 0.6845 1
1 0.6 0.5 0.024 0.019 0.01 101 103 W 19.6322 0.6949 1
1 0.6 0.5 0.024 0.019 0.01 101 104 W 30.5106 0.7506 1
1 0.6 0.5 0.024 0.019 0.01 101 105 W 52.1532 0.769 1
1 0.6 0.5 0.024 0.019 0.01 101 106 W 31.2811 0.6456 1
1 0.6 0.5 0.024 0.019 0.01 101 107 W 66.4031 0.7937 1
1 0.6 0.5 0.024 0.019 0.01 101 108 W 140.9438 0.6154 1
1 0.6 0.5 0.024 0.019 0.01 101 109 W 85.4037 0.633 1
1 0.6 0.5 0.024 0.019 0.01 101 115 W 105.4724 0.5313 1
1 0.6 0.5 0.024 0.019 0.01 101 116 W 114.2681 0.5287 1
1 0.6 0.5 0.024 0.019 0.01 100 79 W 106.1262 0.6602 1
1 0.6 0.5 0.024 0.019 0.01 100 83 W 105.8367 0.4438 1
1 0.6 0.5 0.024 0.019 0.01 100 92 W 64.3604 0.6974 1
1 0.6 0.5 0.024 0.019 0.01 100 93 W 78.0219 0.6973 1
1 0.6 0.5 0.024 0.019 0.01 100 97 W 60.6009 0.7935 1
1 0.6 0.5 0.024 0.019 0.01 100 98 W 37.6961 0.7081 1
1 0.6 0.5 0.024 0.019 0.01 100 99 W 46.8062 0.6378 1
1 0.6 0.5 0.024 0.019 0.01 100 100 W 56.369 0.7884 1
1 0.6 0.5 0.024 0.019 0.01 100 101 W 117.0556 0.7254 1
1 0.6 0.5 0.024 0.019 0.01 100 103 W 40.8551 0.7147 1
1 0.6 0.5 0.024 0.019 0.01 100 104 W 39.6873 0.7059 1
1 0.6 0.5 0.024 0.019 0.01 100 105 W 31.745 0.773 1
1 0.6 0.5 0.024 0.019 0.01 100 106 W 62.1331 0.7333 1
1 0.6 0.5 0.024 0.019 0.01 100 107 W 53.4434 0.7968 1
1 0.6 0.5 0.024 0.019 0.01 100 108 W 69.2789 0.7186 1
1 0.6 0.5 0.024 0.019 0.01 100 114 W 138.4868 0.6215 1
1 0.6 0.5 0.024 0.019 0.01 100 121 W 302.274 0.851 1
1 0.6 0.5 0.024 0.019 0.01 99 77 W 58.3064 0.6619 1
1 0.6 0.5 0.024 0.019 0.01 99 78 W 57.1214 0.7484 1
1 0.6 0.5 0.024 0.019 0.01 99 79 W 79.1175 0.516 1
1 0.6 0.5 0.024 0.019 0.01 99 80 W 118.9419 0.7372 1
1 0.6 0.5 0.024 0.019 0.01 99 82 W 129.8187 0.6076 1
1 0.6 0.5 0.024 0.019 0.01 99 83 W 55.6096 0.6661 1
1 0.6 0.5 0.024 0.019 0.01 99 84 W 45.3677 0.5578 1
1 0.6 0.5 0.024 0.019 0.01 99 93 W 196.0545 0.7084 1
1 0.6 0.5 0.024 0.019 0.01 99 98 W 19.352 0.7794 1
1 0.6 0.5 0.024 0.019 0.01 99 99 W 24.9848 0.6787 1
1 0.6 0.5 0.024 0.019 0.01 99 100 W 38.5606 0.6096 1
1 0.6 0.5 0.024 0.019 0.01 99 101 W 87.7157 0.7087 1
1 0.6 0.5 0.024 0.019 0.01 99 102 W 119.0449 0.7051 1
1 0.6 0.5 0.024 0.019 0.01 99 104 W 47.0034 0.8738 1
1 0.6 0.5 0.024 0.019 0.01 99 105 W 49.5243 0.6289 1
1 0.6 0.5 0.024 0.019 0.01 99 106 W 44.9564 0.6324 1
1 0.6 0.5 0.024 0.019 0.01 99 107 W 59.2865 0.6101 1
1 0.6 0.5 0.024 0.019 0.01 99 108 W 81.5083 0.6191 1
1 0.6 0.5 0.024 0.019 0.01 99 109 W 103.7295 0.6081 1
1 0.6 0.5 0.024 0.019 0.01 99 110 W 162.5909 0.6397 1
1 0.6 0.5 0.024 0.019 0.01 98 76 W 63.528 0.6911 1
1 0.6 0.5 0.024 0.019 0.01 98 80 W 102.9048 0.5631 1
1 0.6 0.5 0.024 0.019 0.01 98 81 W 49.5393 0.5956 1
1 0.6 0.5 0.024 0.019 0.01 98 84 W 96.9174 0.6723 1
1 0.6 0.5 0.024 0.019 0.01 98 94 W 87.2841 0.6983 1
1 0.6 0.5 0.024 0.019 0.01 98 95 W 48.1538 0.6158 1
1 0.6 0.5 0.024 0.019 0.01 98 97 W 51.7729 0.7155 1
1 0.6 0.5 0.024 0.019 0.01 98 99 W 20.4886 0.8097 1
1 0.6 0.5 0.024 0.019 0.01 98 100 W 32.2725 0.731 1
1 0.6 0.5 0.024 0.019 0.01 98 101 W 39.3696 0.6202 1
1 0.6 0.5 0.024 0.019 0.01 98 102 W 131.6194 0.7448 1
1 0.6 0.5 0.024 0.019 0.01 98 103 W 109.3044 0.8824 1
1 0.6 0.5 0.024 0.019 0.01 98 104 W 86.2204 0.7169 1
1 0.6 0.5 0.024 0.019 0.01 98 105 W 63.3951 0.7472 1
1 0.6 0.5 0.024 0.019 0.01 98 106 W 41.6002 0.7219 1
1 0.6 0.5 0.024 0.019 0.01 98 107 W 89.4738 0.6665 1
1 0.6 0.5 0.024 0.019 0.01 98 109 W 120.8068 0.68 1
1 0.6 0.5 0.024 0.019 0.01 98 111 W 146.8635 0.5799 1
1 0.6 0.5 0.024 0.019 0.01 98 112 W 97.1362 0.6713 1
1 0.6 0.5 0.024 0.019 0.01 98 114 W 140.9814 0.6583 1
1 0.6 0.5 0.024 0.019 0.01 97 75 W 79.9652 0.5779 1
1 0.6 0.5 0.024 0.019 0.01 97 79 W 163.4472 0.5658 1
1 0.6 0.5 0.024 0.019 0.01 97 80 W 89.0065 0.6142 1
1 0.6 0.5 0.024 0.019 0.01 97 81 W 42.4868 0.709 1
1 0.6 0.5 0.024 0.019 0.01 97 82 W 55.6442 0.5821 1
1 0.6 0.5 0.024 0.019 0.01 97 94 W 137.0701 0.7173 1
1 0.6 0.5 0.024 0.019 0.01 97 96 W 132.1811 0.7841 1
1 0.6 0.5 0.024 0.019 0.01 97 97 W 60.906 0.5469 1
1 0.6 0.5 0.024 0.019 0.01 97 98 W 67.98 0.7955 1
1 0.6 0.5 0.024 0.019 0.01 97 99 W 26.07 0.762 1
1 0.6 0.5 0.024 0.019 0.01 97 100 W 31.8777 0.7264 1
1 0.6 0.5 0.024 0.019 0.01 97 101 W 41.0254 0.6376 1
1 0.6 0.5 0.024 0.019 0.01 97 102 W 117.3052 0.8225 1
1 0.6 0.5 0.024 0.019 0.01 97 104 W 57.0067 0.5829 1
1 0.6 0.5 0.024 0.019 0.01 97 108 W 48.7208 0.6303 1
1 0.6 0.5 0.024 0.019 0.01 97 109 W 50.5714 0.5973 1
1 0.6 0.5 0.024 0.019 0.01 97 110 W 46.8941 0.6894 1
1 0.6 0.5 0.024 0.019 0.01 97 111 W 50.9156 0.6479 1
1 0.6 0.5 0.024 0.019 0.01 97 112 W 111.5283 0.8714 1
1 0.6 0.5 0.024 0.019 0.01 97 113 W 161.2275 0.6899 1
1 0.6 0.5 0.024 0.019 0.01 96 73 W 27.3911 0.6987 1
1 0.6 0.5 0.024 0.019 0.01 96 82 W 148.3793 0.678 1
1 0.6 0.5 0.024 0.019 0.01 96 93 W 112.8451 0.7882 1
1 0.6 0.5 0.024 0.019 0.01 96 94 W 192.0343 0.8481 1
1 0.6 0.5 0.024 0.019 0.01 96 97 W 64.3902 0.6853 1
1 0.6 0.5 0.024 0.019 0.01 96 98 W 34.1238 0.7761 1
1 0.6 0.5 0.024 0.019 0.01 96 99 W 15.0529 0.8671 1
1 0.6 0.5 0.024 0.019 0.01 96 100 W 16.4893 0.7396 1
1 0.6 0.5 0.024 0.019 0.01 96 101 W 32.2707 0.7002 1
1 0.6 0.5 0.024 0.019 0.01 96 102 W 55.9943 0.7014 1
1 0.6 0.5 0.024 0.019 0.01 96 103 W 68.7403 0.7207 1
1 0.6 0.5 0.024 0.019 0.01 96 104 W 45.4177 0.6362 1
1 0.6 0.5 0.024 0.019 0.01 96 105 W 72.9617 0.5972 1
1 0.6 0.5 0.024 0.019 0.01 96 107 W 35.5863 0.6012 1
1 0.6 0.5 0.024 0.019 0.01 96 108 W 72.9111 0.7001 1
1 0.6 0.5 0.024 0.019 0.01 96 109 W 52.7735 0.6283 1
1 0.6 0.5 0.024 0.019 0.01 96 110 W 63.5532 0.621 1
1 0.6 0.5 0.024 0.019 0.01 96 111 W 64.5658 0.5887 1
1 0.6 0.5 0.024 0.019 0.01 96 113 W 158.3716 0.5453 1
1 0.6 0.5 0.024 0.019 0.01 95 81 W 256.4395 0.6173 1
1 0.6 0.5 0.024 0.019 0.01 95 89 W 124.5017 0.6666 1
1 0.6 0.5 0.024 0.019 0.01 95 93 W 96.5469 0.5235 1
1 0.6 0.5 0.024 0.019 0.01 95 95 W 64.5716 0.6485 1
1 0.6 0.5 0.024 0.019 0.01 95 96 W 77.1172 0.5902 1
1 0.6 0.5 0.024 0.019 0.01 95 97 W 32.6961 0.6172 1
1 0.6 0.5 0.024 0.019 0.01 95 98 W 17.2229 0.6753 1
1 0.6 0.5 0.024 0.019 0.01 95 99 W 55.9102 0.7634 1
1 0.6 0.5 0.024 0.019 0.01 95 100 W 29.8426 0.7028 1
1 0.6 0.5 0.024 0.019 0.01 95 101 W 18.6155 0.7196 1
1 0.6 0.5 0.024 0.019 0.01 95 102 W 23.7627 0.7145 1
1 0.6 0.5 0.024 0.019 0.01 95 104 W 128.3731 0.9912 1
1 0.6 0.5 0.024 0.019 0.01 95 107 W 186.8151 0.6342 1
1 0.6 0.5 0.024 0.019 0.01 95 108 W 187.5703 0.6465 1
1 0.6 0.5 0.024 0.019 0.01 95 109 W 46.4572 0.6883 1
1 0.6 0.5 0.024 0.019 0.01 95 110 W 109.2055 0.648 1
1 0.6 0.5 0.024 0.019 0.01 94 71 W 45.502 0.6488 1
1 0.6 0.5 0.024 0.019 0.01 94 94 W 46.05 0.708 1
1 0.6 0.5 0.024 0.019 0.01 94 95 W 74.2441 0.7402 1
1 0.6 0.5 0.024 0.019 0.01 94 96 W 193.4321 0.659 1
1 0.6 0.5 0.024 0.019 0.01 94 97 W 43.0106 0.7479 1
1 0.6 0.5 0.024 0.019 0.01 94 98 W 35.2119 0.7443 1
1 0.6 0.5 0.024 0.019 0.01 94 99 W 27.2132 0.7566 1
1 0.6 0.5 0.024 0.019 0.01 94 100 W 58.8813 0.936 1
1 0.6 0.5 0.024 0.019 0.01 94 101 W 36.58 0.7786 1
1 0.6 0.5 0.024 0.019 0.01 94 102 W 50.0673 0.8211 1
1 0.6 0.5 0.024 0.019 0.01 94 103 W 56.5745 0.6777 1
1 0.6 0.5 0.024 0.019 0.01 94 104 W 58.5587 0.5677 1
1 0.6 0.5 0.024 0.019 0.01 94 105 W 65.8168 0.5821 1
1 0.6 0.5 0.024 0.019 0.01 94 106 W 129.8922 0.843 1
1 0.6 0.5 0.024 0.019 0.01 94 108 W 165.9284 0.4979 1
1 0.6 0.5 0.024 0.019 0.01 94 109 W 92.7497 0.8171 1
1 0.6 0.5 0.024 0.019 0.01 93 69 W 14.9008 0.8679 1
1 0.6 0.5 0.024 0.019 0.01 93 70 W 91.7489 0.873 1
1 0.6 0.5 0.024 0.019 0.01 93 88 W 126.0592 0.4146 1
1 0.6 0.5 0.024 0.019 0.01 93 92 W 72.3235 0.7207 1
1 0.6 0.5 0.024 0.019 0.01 93 93 W 49.7778 0.7099 1
1 0.6 0.5 0.024 0.019 0.01 93 94 W 47.2945 0.6838 1
1 0.6 0.5 0.024 0.019 0.01 93 95 W 47.5545 0.7249 1
1 0.6 0.5 0.024 0.019 0.01 93 96 W 155.2506 0.5733 1
1 0.6 0.5 0.024 0.019 0.01 93 97 W 57.9832 0.5079 1
1 0.6 0.5 0.024 0.019 0.01 93 98 W 109.7446 0.7123 1
1 0.6 0.5 0.024 0.019 0.01 93 99 W 63.5132 0.7527 1
1 0.6 0.5 0.024 0.019 0.01 93 100 W 33.8789 0.7742 1
1 0.6 0.5 0.024 0.019 0.01 93 101 W 58.5334 0.5836 1
1 0.6 0.5 0.024 0.019 0.01 93 102 W 36.449 0.7249 1
1 0.6 0.5 0.024 0.019 0.01 93 103 W 47.9955 0.6923 1
1 0.6 0.5 0.024 0.019 0.01 93 104 W 90.9117 0.6709 1
1 0.6 0.5 0.024 0.019 0.01 93 106 W 97.4934 0.6608 1
1 0.6 0.5 0.024 0.019 0.01 93 109 W 128.5834 0.7115 1
1 0.6 0.5 0.024 0.019 0.01 92 68 W 26.7429 0.7788 1
1 0.6 0.5 0.024 0.019 0.01 92 69 W 58.9491 0.715 1
1 0.6 0.5 0.024 0.019 0.01 92 87 W 68.8308 0.5096 1
1 0.6 0.5 0.024 0.019 0.01 92 88 W 133.6652 0.6561 1
1 0.6 0.5 0.024 0.019 0.01 92 91 W 77.3716 0.6469 1
1 0.6 0.5 0.024 0.019 0.01 92 92 W 70.8616 0.4471 1
1 0.6 0.5 0.024 0.019 0.01 92 93 W 33.8824 0.6612 1
1 0.6 0.5 0.024 0.019 0.01 92 94 W 39.5573 0.6395 1
1 0.6 0.5 0.024 0.019 0.01 92 95 W 56.2422 0.6695 1
1 0.6 0.5 0.024 0.019 0.01 92 96 W 34.6895 0.5816 1
1 0.6 0.5 0.024 0.019 0.01 92 98 W 89.2801 0.7134 1
1 0.6 0.5 0.024 0.019 0.01 92 99 W 49.073 0.8563 1
1 0.6 0.5 0.024 0.019 0.01 92 100 W 35.9606 0.8219 1
1 0.6 0.5 0.024 0.019 0.01 92 101 W 56.4224 0.6386 1
1 0.6 0.5 0.024 0.019 0.01 92 102 W 172.2175 0.6358 1
1 0.6 0.5 0.024 0.019 0.01 92 105 W 283.2632 0.9092 1
1 0.6 0.5 0.024 0.019 0.01 92 106 W 174.0078 0.7446 1
1 0.6 0.5 0.024 0.019 0.01 91 84 W 80.8903 0.4563 1
1 0.6 0.5 0.024 0.019 0.01 91 85 W 50.8729 0.5794 1
1 0.6 0.5 0.024 0.019 0.01 91 86 W 185.8828 0.7501 1
1 0.6 0.5 0.024 0.019 0.01 91 89 W 178.5503 0.5335 1
1 0.6 0.5 0.024 0.019 0.01 91 91 W 44.3915 0.6476 1
1 0.6 0.5 0.024 0.019 0.01 91 92 W 153.7504 0.8121 1
1 0.6 0.5 0.024 0.019 0.01 91 93 W 61.5351 0.6742 1
1 0.6 0.5 0.024 0.019 0.01 91 94 W 88.3713 0.705 1
1 0.6 0.5 0.024 0.019 0.01 91 96 W 65.0113 0.827 1
1 0.6 0.5 0.024 0.019 0.01 91 98 W 37.3589 0.5768 1
1 0.6 0.5 0.024 0.019 0.01 91 99 W 55.1448 0.5533 1
1 0.6 0.5 0.024 0.019 0.01 91 100 W 46.1456 0.7341 1
1 0.6 0.5 0.024 0.019 0.01 91 101 W 58.3101 0.8203 1
1 0.6 0.5 0.024 0.019 0.01 91 102 W 98.2425 0.6309 1
1 0.6 0.5 0.024 0.019 0.01 91 104 W 207.1436 1.1884 1
1 0.6 0.5 0.024 0.019 0.01 91 108 W 75.1387 0.6639 1
1 0.6 0.5 0.024 0.019 0.01 90 83 W 91.8836 0.9466 1
1 0.6 0.5 0.024 0.019 0.01 90 84 W 25.5484 0.8771 1
1 0.6 0.5 0.024 0.019 0.01 90 85 W 44.9808 0.739 1
1 0.6 0.5 0.024 0.019 0.01 90 87 W 66.3629 0.5168 1
1 0.6 0.5 0.024 0.019 0.01 90 88 W 218.1804 0.6557 1
1 0.6 0.5 0.024 0.019 0.01 90 89 W 147.0837 0.582 1
1 0.6 0.5 0.024 0.019 0.01 90 90 W 324.9904 0.7842 1
1 0.6 0.5 0.024 0.019 0.01 90 91 W 54.5069 0.7328 1
1 0.6 0.5 0.024 0.019 0.01 90 92 W 15.1995 0.8186 1
1 0.6 0.5 0.024 0.019 0.01 90 93 W 114.4494 0.5992 1
1 0.6 0.5 0.024 0.019 0.01 90 94 W 138.3006 0.612 1
1 0.6 0.5 0.024 0.019 0.01 90 97 W 80.0432 0.5934 1
1 0.6 0.5 0.024 0.019 0.01 90 98 W 77.5361 0.5907 1
1 0.6 0.5 0.024 0.019 0.01 90 99 W 43.9344 0.6577 1
1 0.6 0.5 0.024 0.019 0.01 90 100 W 62.5188 0.7611 1
1 0.6 0.5 0.024 0.019 0.01 90 101 W 32.808 0.7446 1
1 0.6 0.5 0.024 0.019 0.01 90 103 W 71.4813 0.6263 1
1 0.6 0.5 0.024 0.019 0.01 90 104 W 63.9934 0.7011 1
1 0.6 0.5 0.024 0.019 0.01 90 105 W 172.3761 0.7276 1
1 0.6 0.5 0.024 0.019 0.01 90 106 W 120.2953 0.5019 1
1 0.6 0.5 0.024 0.019 0.01 90 107 W 113.9912 0.6124 1
1 0.6 0.5 0.024 0.019 0.01 89 82 W 32.0212 0.7379 1
1 0.6 0.5 0.024 0.019 0.01 89 83 W 15.1154 0.8154 1
1 0.6 0.5 0.024 0.019 0.01 89 84 W 21.2996 0.7209 1
1 0.6 0.5 0.024 0.019 0.01 89 85 W 24.2208 0.7647 1
1 0.6 0.5 0.024 0.019 0.01 89 86 W 119.0125 0.6236 1
1 0.6 0.5 0.024 0.019 0.01 89 88 W 97.8717 0.5324 1
1 0.6 0.5 0.024 0.019 0.01 89 89 W 230.1721 0.5911 1
1 0.6 0.5 0.024 0.019 0.01 89 92 W 15.0678 0.8007 1
1 0.6 0.5 0.024 0.019 0.01 89 93 W 65.864 0.6707 1
1 0.6 0.5 0.024 0.019 0.01 89 96 W 26.2388 0.7723 1
1 0.6 0.5 0.024 0.019 0.01 89 97 W 68.514 0.5561 1
1 0.6 0.5 0.024 0.019 0.01 89 99 W 51.8235 0.9136 1
1 0.6 0.5 0.024 0.019 0.01 89 100 W 93.7613 0.5877 1
1 0.6 0.5 0.024 0.019 0.01 89 101 W 24.7551 0.7171 1
1 0.6 0.5 0.024 0.019 0.01 89 102 W 45.3395 0.701 1
1 0.6 0.5 0.024 0.019 0.01 89 103 W 80.9329 0.7051 1
1 0.6 0.5 0.024 0.019 0.01 89 106 W 280.7719 0.9173 1
1 0.6 0.5 0.024 0.019 0.01 88 80 W 149.4343 0.7243 1
1 0.6 0.5 0.024 0.019 0.01 88 81 W 45.0568 0.6595 1
1 0.6 0.5 0.024 0.019 0.01 88 82 W 24.0882 0.8145 1
1 0.6 0.5 0.024 0.019 0.01 88 83 W 16.077 0.747 1
1 0.6 0.5 0.024 0.019 0.01 88 84 W 28.0541 0.7296 1
1 0.6 0.5 0.024 0.019 0.01 88 85 W 33.5279 0.8221 1
1 0.6 0.5 0.024 0.019 0.01 88 86 W 68.0462 0.417 1
1 0.6 0.5 0.024 0.019 0.01 88 88 W 99.7854 0.6435 1
1 0.6 0.5 0.024 0.019 0.01 88 94 W 46.3126 0.6035 1
1 0.6 0.5 0.024 0.019 0.01 88 97 W 63.9649 0.9128 1
1 0.6 0.5 0.024 0.019 0.01 88 98 W 89.7266 0.6346 1
1 0.6 0.5 0.024 0.019 0.01 88 99 W 104.101 0.8412 1
1 0.6 0.5 0.024 0.019 0.01 88 100 W 55.2785 0.6227 1
1 0.6 0.5 0.024 0.019 0.01 88 102 W 59.3648 0.6949 1
1 0.6 0.5 0.024 0.019 0.01 88 107 W 82.6186 0.5216 1
1 0.6 0.5 0.024 0.019 0.01 87 79 W 50.1919 0.6223 1
1 0.6 0.5 0.024 0.019 0.01 87 80 W 27.7796 0.6927 1
1 0.6 0.5 0.024 0.019 0.01 87 81 W 40.4201 0.7239 1
1 0.6 0.5 0.024 0.019 0.01 87 82 W 28.803 0.5696 1
1 0.6 0.5 0.024 0.019 0.01 87 83 W 51.6342 0.8355 1
1 0.6 0.5 0.024 0.019 0.01 87 84 W 46.8331 0.6985 1
1 0.6 0.5 0.024 0.019 0.01 87 85 W 49.4767 0.662 1
1 0.6 0.5 0.024 0.019 0.01 87 92 W 145.8634 0.6248 1
1 0.6 0.5 0.024 0.019 0.01 87 94 W 91.0445 0.6422 1
1 0.6 0.5 0.024 0.019 0.01 87 97 W 82.3643 0.7694 1
1 0.6 0.5 0.024 0.019 0.01 87 98 W 105.3216 0.7599 1
1 0.6 0.5 0.024 0.019 0.01 87 99 W 85.848 0.7519 1
1 0.6 0.5 0.024 0.019 0.01 87 100 W 161.2198 1.0784 1
1 0.6 0.5 0.024 0.019 0.01 87 102 W 32.4324 0.6985 1
1 0.6 0.5 0.024 0.019 0.01 87 103 W 39.2672 0.5943 1
1 0.6 0.5 0.024 0.019 0.01 87 106 W 84.3228 0.573 1
1 0.6 0.5 0.024 0.019 0.01 86 78 W 84.4213 0.71 1
1 0.6 0.5 0.024 0.019 0.01 86 79 W 22.4027 0.7839 1
1 0.6 0.5 0.024 0.019 0.01 86 80 W 32.9695 0.6089 1
1 0.6 0.5 0.024 0.019 0.01 86 81 W 43.9732 0.7098 1
1 0.6 0.5 0.024 0.019 0.01 86 82 W 298.4742 0.7813 1
1 0.6 0.5 0.024 0.019 0.01 86 83 W 224.381 0.7075 1
1 0.6 0.5 0.024 0.019 0.01 86 84 W 90.6735 0.5651 1
1 0.6 0.5 0.024 0.019 0.01 86 85 W 35.7231 0.6285 1
1 0.6 0.5 0.024 0.019 0.01 86 86 W 90.554 0.8012 1
1 0.6 0.5 0.024 0.019 0.01 86 87 W 81.3409 0.6914 1
1 0.6 0.5 0.024 0.019 0.01 86 89 W 242.8093 0.6137 1
1 0.6 0.5 0.024 0.019 0.01 86 90 W 96.2167 0.7495 1
1 0.6 0.5 0.024 0.019 0.01 86 91 W 182.8242 0.551 1
1 0.6 0.5 0.024 0.019 0.01 86 92 W 129.5045 0.6056 1
1 0.6 0.5 0.024 0.019 0.01 86 94 W 69.6915 0.7912 1
1 0.6 0.5 0.024 0.019 0.01 86 95 W 72.568 0.643 1
1 0.6 0.5 0.024 0.019 0.01 86 96 W 147.1366 0.6256 1
1 0.6 0.5 0.024 0.019 0.01 86 97 W 48.6025 0.6273 1
1 0.6 0.5 0.024 0.019 0.01 86 98 W 60.9726 0.6935 1
1 0.6 0.5 0.024 0.019 0.01 86 99 W 103.9796 0.5876 1
1 0.6 0.5 0.024 0.019 0.01 86 101 W 105.9616 0.6593 1
1 0.6 0.5 0.024 0.019 0.01 86 102 W 52.517 0.6044 1
1 0.6 0.5 0.024 0.019 0.01 86 103 W 55.3498 0.7543 1
1 0.6 0.5 0.024 0.019 0.01 86 104 W 110.7122 0.6152 1
1 0.6 0.5 0.024 0.019 0.01 85 77 W 44.0426 0.5973 1
1 0.6 0.5 0.024 0.019 0.01 85 78 W 46.9799 0.7509 1
1 0.6 0.5 0.024 0.019 0.01 85 79 W 24.7009 0.6891 1
1 0.6 0.5 0.024 0.019 0.01 85 80 W 115.5649 0.6655 1
1 0.6 0.5 0.024 0.019 0.01 85 81 W 97.8185 1.0154 1
1 0.6 0.5 0.024 0.019 0.01 85 83 W 102.0665 0.7177 1
1 0.6 0.5 0.024 0.019 0.01 85 84 W 40.131 0.7726 1
1 0.6 0.5 0.024 0.019 0.01 85 85 W 34.7996 0.7115 1
1 0.6 0.5 0.024 0.019 0.01 85 86 W 86.5378 0.6412 1
1 0.6 0.5 0.024 0.019 0.01 85 87 W 46.2655 0.6226 1
1 0.6 0.5 0.024 0.019 0.01 85 90 W 158.9875 0.7479 1
1 0.6 0.5 0.024 0.019 0.01 85 91 W 68.2826 0.5968 1
1 0.6 0.5 0.024 0.019 0.01 85 93 W 281.985 0.8279 1
1 0.6 0.5 0.024 0.019 0.01 85 94 W 156.7953 0.6949 1
1 0.6 0.5 0.024 0.019 0.01 85 95 W 49.4899 0.5991 1
1 0.6 0.5 0.024 0.019 0.01 85 96 W 81.0284 0.6188 1
1 0.6 0.5 0.024 0.019 0.01 85 98 W 52.8981 0.6961 1
1 0.6 0.5 0.024 0.019 0.01 85 99 W 58.8165 1.1505 1
1 0.6 0.5 0.024 0.019 0.01 85 100 W 60.8232 0.6378 1
1 0.6 0.5 0.024 0.019 0.01 85 102 W 67.1944 0.8633 1
1 0.6 0.5 0.024 0.019 0.01 85 107 W 152.9731 0.6419 1
1 0.6 0.5 0.024 0.019 0.01 85 108 W 63.295 0.6429 1
1 0.6 0.5 0.024 0.019 0.01 84 77 W 282.3522 0.9758 1
1 0.6 0.5 0.024 0.019 0.01 84 79 W 96.0933 0.6626 1
1 0.6 0.5 0.024 0.019 0.01 84 80 W 57.8913 0.6813 1
1 0.6 0.5 0.024 0.019 0.01 84 81 W 54.13 0.839 1
1 0.6 0.5 0.024 0.019 0.01 84 83 W 74.6748 0.7519 1
1 0.6 0.5 0.024 0.019 0.01 84 84 W 19.5256 0.6895 1
1 0.6 0.5 0.024 0.019 0.01 84 85 W 40.3027 0.7221 1
1 0.6 0.5 0.024 0.019 0.01 84 86 W 42.8025 0.7064 1
1 0.6 0.5 0.024 0.019 0.01 84 89 W 41.4631 0.6511 1
1 0.6 0.5 0.024 0.019 0.01 84 91 W 54.1076 0.7277 1
1 0.6 0.5 0.024 0.019 0.01 84 92 W 112.5738 0.4829 1
1 0.6 0.5 0.024 0.019 0.01 84 96 W 72.1797 0.7435 1
1 0.6 0.5 0.024 0.019 0.01 84 98 W 33.9304 0.6923 1
1 0.6 0.5 0.024 0.019 0.01 84 99 W 36.3431 0.6597 1
1 0.6 0.5 0.024 0.019 0.01 84 100 W 83.7693 0.5603 1
1 0.6 0.5 0.024 0.019 0.01 84 101 W 89.7627 0.7495 1
1 0.6 0.5 0.024 0.019 0.01 84 102 W 68.9283 0.6734 1
1 0.6 0.5 0.024 0.019 0.01 84 103 W 35.3259 0.6941 1
1 0.6 0.5 0.024 0.019 0.01 84 104 W 46.4099 0.6681 1
1 0.6 0.5 0.024 0.019 0.01 84 105 W 37.6846 0.7771 1
1 0.6 0.5 0.024 0.019 0.01 84 107 W 216.1476 0.6105 1
1 0.6 0.5 0.024 0.019 0.01 84 108 W 192.0783 0.6503 1
1 0.6 0.5 0.024 0.019 0.01 83 74 W 130.7247 0.6544 1
1 0.6 0.5 0.024 0.019 0.01 83 75 W 115.3611 0.7556 1
1 0.6 0.5 0.024 0.019 0.01 83 80 W 31.0242 0.678 1
1 0.6 0.5 0.024 0.019 0.01 83 82 W 79.3496 0.58 1
1 0.6 0.5 0.024 0.019 0.01 83 84 W 177.9122 0.9047 1
1 0.6 0.5 0.024 0.019 0.01 83 85 W 48.689 0.6619 1
1 0.6 0.5 0.024 0.019 0.01 83 86 W 88.0115 0.7424 1
1 0.6 0.5 0.024 0.019 0.01 83 88 W 105.3002 0.7123 1
1 0.6 0.5 0.024 0.019 0.01 83 89 W 43.3497 0.6667 1
1 0.6 0.5 0.024 0.019 0.01 83 90 W 114.4615 0.4863 1
1 0.6 0.5 0.024 0.019 0.01 83 91 W 117.5377 0.5404 1
1 0.6 0.5 0.024 0.019 0.01 83 96 W 124.9834 0.7158 1
1 0.6 0.5 0.024 0.019 0.01 83 97 W 53.7316 0.6805 1
1 0.6 0.5 0.024 0.019 0.01 83 98 W 88.0953 0.6173 1
1 0.6 0.5 0.024 0.019 0.01 83 99 W 46.4071 0.6513 1
1 0.6 0.5 0.024 0.019 0.01 83 100 W 41.9216 0.7527 1
1 0.6 0.5 0.024 0.019 0.01 83 101 W 122.1307 0.8369 1
1 0.6 0.5 0.024 0.019 0.01 83 102 W 47.608 0.6978 1
1 0.6 0.5 0.024 0.019 0.01 83 106 W 116.4351 0.5487 1
1 0.6 0.5 0.024 0.019 0.01 82 72 W 98.8344 0.6733 1
1 0.6 0.5 0.024 0.019 0.01 82 73 W 44.3184 0.62 1
1 0.6 0.5 0.024 0.019 0.01 82 74 W 43.0794 0.6966 1
1 0.6 0.5 0.024 0.019 0.01 82 75 W 45.8006 0.6046 1
1 0.6 0.5 0.024 0.019 0.01 82 77 W 86.2958 0.58 1
1 0.6 0.5 0.024 0.019 0.01 82 79 W 70.3393 0.5894 1
1 0.6 0.5 0.024 0.019 0.01 82 80 W 48.0639 0.743 1
1 0.6 0.5 0.024 0.019 0.01 82 81 W 40.314 0.5979 1
1 0.6 0.5 0.024 0.019 0.01 82 82 W 50.3626 0.7047 1
1 0.6 0.5 0.024 0.019 0.01 82 84 W 85.1375 0.688 1
1 0.6 0.5 0.024 0.019 0.01 82 85 W 86.174 0.5776 1
1 0.6 0.5 0.024 0.019 0.01 82 86 W 57.3972 0.6858 1
1 0.6 0.5 0.024 0.019 0.01 82 87 W 64.309 0.6649 1
1 0.6 0.5 0.024 0.019 0.01 82 88 W 37.4507 0.6842 1
1 0.6 0.5 0.024 0.019 0.01 82 89 W 22.4461 0.6813 1
1 0.6 0.5 0.024 0.019 0.01 82 90 W 62.8661 0.5638 1
1 0.6 0.5 0.024 0.019 0.01 82 91 W 69.1666 0.6447 1
1 0.6 0.5 0.024 0.019 0.01 82 92 W 114.7361 0.6567 1
1 0.6 0.5 0.024 0.019 0.01 82 96 W 30.7395 0.6943 1
1 0.6 0.5 0.024 0.019 0.01 82 97 W 86.5056 0.6609 1
1 0.6 0.5 0.024 0.019 0.01 82 98 W 40.5772 0.6954 1
1 0.6 0.5 0.024 0.019 0.01 82 99 W 68.5248 0.8663 1
1 0.6 0.5 0.024 0.019 0.01 82 100 W 46.6038 0.7115 1
1 0.6 0.5 0.024 0.019 0.01 82 101 W 52.2672 0.6722 1
1 0.6 0.5 0.024 0.019 0.01 82 102 W 32.3694 0.7659 1
1 0.6 0.5 0.024 0.019 0.01 82 103 W 117.2746 1.1508 1
1 0.6 0.5 0.024 0.019 0.01 82 104 W 142.4011 0.6742 1
1 0.6 0.5 0.024 0.019 0.01 81 71 W 88.7245 0.7571 1
1 0.6 0.5 0.024 0.019 0.01 81 72 W 63.8129 0.7749 1
1 0.6 0.5 0.024 0.019 0.01 81 73 W 44.6129 0.7742 1
1 0.6 0.5 0.024 0.019 0.01 81 74 W 49.9402 0.5858 1
1 0.6 0.5 0.024 0.019 0.01 81 75 W 25.6641 0.7225 1
1 0.6 0.5 0.024 0.019 0.01 81 76 W 146.502 0.5884 1
1 0.6 0.5 0.024 0.019 0.01 81 77 W 86.1828 0.7319 1
1 0.6 0.5 0.024 0.019 0.01 81 78 W 46.5428 0.6257 1
1 0.6 0.5 0.024 0.019 0.01 81 81 W 124.0402 0.5524 1
1 0.6 0.5 0.024 0.019 0.01 81 84 W 47.7903 0.5911 1
1 0.6 0.5 0.024 0.019 0.01 81 85 W 79.7733 0.7239 1
1 0.6 0.5 0.024 0.019 0.01 81 87 W 72.8775 0.6563 1
1 0.6 0.5 0.024 0.019 0.01 81 88 W 130.4948 0.749 1
1 0.6 0.5 0.024 0.019 0.01 81 89 W 98.4902 0.6378 1
1 0.6 0.5 0.024 0.019 0.01 81 90 W 32.6914 0.5634 1
1 0.6 0.5 0.024 0.019 0.01 81 96 W 24.7593 0.7446 1
1 0.6 0.5 0.024 0.019 0.01 81 97 W 49.5802 0.7762 1
1 0.6 0.5 0.024 0.019 0.01 81 98 W 118.0644 0.6435 1
1 0.6 0.5 0.024 0.019 0.01 81 99 W 105.214 0.6376 1
1 0.6 0.5 0.024 0.019 0.01 81 100 W 96.2398 0.6563 1
1 0.6 0.5 0.024 0.019 0.01 81 102 W 88.956 0.6969 1
1 0.6 0.5 0.024 0.019 0.01 81 104 W 87.9635 0.8246 1
1 0.6 0.5 0.024 0.019 0.01 80 72 W 73.7137 0.634 1
1 0.6 0.5 0.024 0.019 0.01 80 73 W 66.9294 0.7067 1
1 0.6 0.5 0.024 0.019 0.01 80 74 W 75.4742 0.6388 1
1 0.6 0.5 0.024 0.019 0.01 80 75 W 108.6321 0.7564 1
1 0.6 0.5 0.024 0.019 0.01 80 76 W 52.1855 0.6561 1
1 0.6 0.5 0.024 0.019 0.01 80 77 W 25.7767 0.7489 1
1 0.6 0.5 0.024 0.019 0.01 80 78 W 38.3538 0.5941 1
1 0.6 0.5 0.024 0.019 0.01 80 79 W 72.0988 0.4779 1
1 0.6 0.5 0.024 0.019 0.01 80 83 W 302.7597 1.2631 1
1 0.6 0.5 0.024 0.019 0.01 80 84 W 33.4719 0.6715 1
1 0.6 0.5 0.024 0.019 0.01 80 85 W 49.8608 0.7526 1
1 0.6 0.5 0.024 0.019 0.01 80 86 W 33.3236 0.7715 1
1 0.6 0.5 0.024 0.019 0.01 80 87 W 28.9017 0.7467 1
1 0.6 0.5 0.024 0.019 0.01 80 88 W 125.1333 0.6624 1
1 0.6 0.5 0.024 0.019 0.01 80 89 W 105.1537 0.6828 1
1 0.6 0.5 0.024 0.019 0.01 80 90 W 73.7691 0.7316 1
1 0.6 0.5 0.024 0.019 0.01 80 91 W 171.8007 0.6484 1
1 0.6 0.5 0.024 0.019 0.01 80 96 W 73.7548 0.8497 1
1 0.6 0.5 0.024 0.019 0.01 80 97 W 138.6615 0.6027 1
1 0.6 0.5 0.024 0.019 0.01 80 98 W 83.1443 0.6951 1
1 0.6 0.5 0.024 0.019 0.01 80 99 W 33.3046 0.6036 1
1 0.6 0.5 0.024 0.019 0.01 80 100 W 80.9886 0.585 1
1 0.6 0.5 0.024 0.019 0.01 80 102 W 82.8042 0.8464 1
1 0.6 0.5 0.024 0.019 0.01 80 104 W 82.4533 0.6637 1
1 0.6 0.5 0.024 0.019 0.01 79 73 W 99.8452 0.594 1
1 0.6 0.5 0.024 0.019 0.01 79 74 W 110.8923 0.7226 1
1 0.6 0.5 0.024 0.019 0.01 79 75 W 74.3197 0.7509 1
1 0.6 0.5 0.024 0.019 0.01 79 76 W 39.2215 0.646 1
1 0.6 0.5 0.024 0.019 0.01 79 77 W 30.7419 0.7056 1
1 0.6 0.5 0.024 0.019 0.01 79 78 W 56.7224 0.644 1
1 0.6 0.5 0.024 0.019 0.01 79 83 W 43.5068 0.5224 1
1 0.6 0.5 0.024 0.019 0.01 79 84 W 55.2357 0.7363 1
1 0.6 0.5 0.024 0.019 0.01 79 85 W 91.1766 0.752 1
1 0.6 0.5 0.024 0.019 0.01 79 86 W 58.4004 0.6484 1
1 0.6 0.5 0.024 0.019 0.01 79 87 W 57.4275 0.6575 1
1 0.6 0.5 0.024 0.019 0.01 79 88 W 53.5253 0.6148 1
1 0.6 0.5 0.024 0.019 0.01 79 89 W 70.6166 0.6635 1
1 0.6 0.5 0.024 0.019 0.01 79 90 W 60.2214 0.5102 1
1 0.6 0.5 0.024 0.019 0.01 79 92 W 195.631 0.8103 1
1 0.6 0.5 0.024 0.019 0.01 79 94 W 209.5511 0.9515 1
1 0.6 0.5 0.024 0.019 0.01 79 97 W 60.3464 0.6331 1
1 0.6 0.5 0.024 0.019 0.01 79 98 W 19.5983 0.8128 1
1 0.6 0.5 0.024 0.019 0.01 79 99 W 32.233 0.6838 1
1 0.6 0.5 0.024 0.019 0.01 79 100 W 47.6378 0.6721 1
1 0.6 0.5 0.024 0.019 0.01 79 102 W 43.4853 0.6391 1
1 0.6 0.5 0.024 0.019 0.01 79 103 W 111.4831 0.7197 1
1 0.6 0.5 0.024 0.019 0.01 78 73 W 41.2176 0.6107 1
1 0.6 0.5 0.024 0.019 0.01 78 74 W 244.3805 0.9871 1
1 0.6 0.5 0.024 0.019 0.01 78 75 W 99.3577 0.7476 1
1 0.6 0.5 0.024 0.019 0.01 78 76 W 32.5432 0.6734 1
1 0.6 0.5 0.024 0.019 0.01 78 77 W 21.2237 0.6939 1
1 0.6 0.5 0.024 0.019 0.01 78 79 W 154.2733 0.5532 1
1 0.6 0.5 0.024 0.019 0.01 78 83 W 113.2762 0.6539 1
1 0.6 0.5 0.024 0.019 0.01 78 84 W 115.8808 0.6755 1
1 0.6 0.5 0.024 0.019 0.01 78 85 W 40.1195 0.6723 1
1 0.6 0.5 0.024 0.019 0.01 78 86 W 102.1595 0.6186 1
1 0.6 0.5 0.024 0.019 0.01 78 87 W 157.2651 0.5271 1
1 0.6 0.5 0.024 0.019 0.01 78 88 W 40.2628 0.6566 1
1 0.6 0.5 0.024 0.019 0.01 78 89 W 38.119 0.6298 1
1 0.6 0.5 0.024 0.019 0.01 78 90 W 190.2374 0.677 1
1 0.6 0.5 0.024 0.019 0.01 78 91 W 206.6851 0.5797 1
1 0.6 0.5 0.024 0.019 0.01 78 92 W 228.2038 0.6189 1
1 0.6 0.5 0.024 0.019 0.01 78 97 W 18.8216 0.7031 1
1 0.6 0.5 0.024 0.019 0.01 78 98 W 21.9821 0.709 1
1 0.6 0.5 0.024 0.019 0.01 78 99 W 41.3264 0.7446 1
1 0.6 0.5 0.024 0.019 0.01 78 100 W 27.4135 0.6572 1
1 0.6 0.5 0.024 0.019 0.01 78 101 W 98.1331 0.7231 1
1 0.6 0.5 0.024 0.019 0.01 78 102 W 23.4873 0.5718 1
1 0.6 0.5 0.024 0.019 0.01 78 103 W 45.167 0.7142 1
1 0.6 0.5 0.024 0.019 0.01 78 104 W 254.2728 0.9513 1
1 0.6 0.5 0.024 0.019 0.01 77 73 W 32.0754 0.6576 1
1 0.6 0.5 0.024 0.019 0.01 77 74 W 29.6418 0.6589 1
1 0.6 0.5 0.024 0.019 0.01 77 75 W 68.9539 0.8811 1
1 0.6 0.5 0.024 0.019 0.01 77 76 W 55.0478 0.7024 1
1 0.6 0.5 0.024 0.019 0.01 77 77 W 101.3849 0.8619 1
1 0.6 0.5 0.024 0.019 0.01 77 84 W 115.2283 0.7397 1
1 0.6 0.5 0.024 0.019 0.01 77 85 W 56.2596 0.6658 1
1 0.6 0.5 0.024 0.019 0.01 77 86 W 131.8918 0.948 1
1 0.6 0.5 0.024 0.019 0.01 77 87 W 74.7986 0.621 1
1 0.6 0.5 0.024 0.019 0.01 77 91 W 118.7992 0.5228 1
1 0.6 0.5 0.024 0.019 0.01 77 96 W 390.9373 1.1274 1
1 0.6 0.5 0.024 0.019 0.01 77 97 W 49.0421 0.6553 1
1 0.6 0.5 0.024 0.019 0.01 77 98 W 20.6095 0.7574 1
1 0.6 0.5 0.024 0.019 0.01 77 99 W 30.9633 0.7012 1
1 0.6 0.5 0.024 0.019 0.01 77 100 W 44.6708 0.6816 1
1 0.6 0.5 0.024 0.019 0.01 77 101 W 91.8808 0.5229 1
1 0.6 0.5 0.024 0.019 0.01 77 102 W 78.6268 0.7412 1
1 0.6 0.5 0.024 0.019 0.01 76 74 W 34.0152 0.5732 1
1 0.6 0.5 0.024 0.019 0.01 76 84 W 64.6406 0.7254 1
1 0.6 0.5 0.024 0.019 0.01 76 85 W 53.6034 0.4034 1
1 0.6 0.5 0.024 0.019 0.01 76 86 W 166.3332 0.7237 1
1 0.6 0.5 0.024 0.019 0.01 76 87 W 106.7261 0.799 1
1 0.6 0.5 0.024 0.019 0.01 76 96 W 243.0087 0.5868 1
1 0.6 0.5 0.024 0.019 0.01 76 99 W 54.2691 0.6379 1
1 0.6 0.5 0.024 0.019 0.01 75 85 W 128.523 0.5565 1
1 0.6 0.5 0.024 0.019 0.01 75 87 W 50.1963 0.6434 1
1 0.6 0.5 0.024 0.019 0.01 75 89 W 104.748 0.5012 1
1 0.6 0.5 0.024 0.019 0.01 75 99 W 137.1976 0.5537 1
1 0.6 0.5 0.024 0.019 0.01 74 93 W 164.9691 0.4234 1
1 0.6 0.5 0.024 0.019 0.01 73 93 W 146.4694 0.6969 1
1 0.6 0.5 0.024 0.019 0.01 73 95 W 246.1687 0.5241 1
1 0.6 0.5 0.024 0.019 0.01 72 87 W 179.9954 0.6457 1
1 0.6 0.5 0.024 0.019 0.01 71 92 W 153.4285 0.5533 1
1 0.6 0.5 0.024 0.019 0.01 71 98 W 163.5695 0.7202 1
1 0.6 0.5 0.024 0.019 0.01 62 84 W 118.6363 0.4952 1
1 0.6 0.5 0.024 0.019 0.01 62 85 W 86.0111 0.6774 1