OperationID Site_ID Site_time_routing
0 0 644.0
163 385 644.0213574158382
433 875 644.0597824851411
256 569 644.0899694422957
190 438 644.1144473709816
194 444 644.1388894753568
80 185 644.2929863534184
38 79 644.3329055690157
83 189 644.3610805849561
74 178 644.4321195364923
94 219 644.4557692854966
44 95 644.5654466055397
123 297 644.6726736469004
98 225 644.6967431291318
87 197 644.7292027149084
42 87 644.756195220529
106 239 644.786408828142
69 172 644.8120204261169
77 181 644.8323529363315
1 3 644.9447198215391
6 10 645.1034421748445
75 179 645.1382238144047
15 22 645.1694564570162
41 83 645.196109966827
140 327 645.3385434005763
51 109 645.371958562491
36 75 645.4350409790904
63 159 645.527596290302
101 233 645.5775081031746
81 187 645.6045795754442
21 42 645.6341030756666
34 69 645.6972156602692
25 48 645.7563821743096
96 223 645.8100647715793
20 39 645.9617307644681
97 224 645.9948166651894
45 96 646.0227469374953
24 46 646.091630724372
67 167 646.1649510608205
85 195 646.833899628736
8 15 646.9479463218757
3 6 646.9715074966446
26 51 646.9996750096324
2 4 647.0269405449108
91 212 647.0645993541627
65 165 647.0880574897243
112 261 647.1194629919961
102 234 647.1478151869876
13 20 647.1836766258291
7 11 647.2598522736293
31 61 647.2862605936906
23 45 647.3359409735267
60 143 647.4277858474023
46 99 647.4542758009325
86 196 647.5247621381709
184 426 647.5559764955891
0 0 644.0
18 34 644.0157279534134
153 352 644.0549961958666
236 522 644.0899849534834
285 617 644.1210088867206
402 826 644.1480518833769
382 793 644.1776283206182
209 474 644.216228478296
313 663 644.2492383178013
278 606 644.283205731217
429 868 644.3161608086278
132 311 644.3569410245333
141 333 644.406029019847
274 600 644.4352089183799
461 915 644.4664207557839
290 630 644.4989350648943
251 562 644.5282858404854
262 577 644.5628479863669
131 308 644.6017307983922
387 798 644.6403927432383
357 750 644.6643388576784
420 856 644.6946488969226
295 638 644.7225476132785
144 336 644.754688332701
104 236 644.7794101581303
247 554 644.8099298423475
457 908 644.8417391760837
178 412 644.881378791684
307 656 644.9145261385456
342 726 644.9445113933232
227 508 644.972721708415
389 805 645.0062528167755
375 781 645.0275266948754
354 745 645.0583730880091
417 850 645.0900590245018
358 751 645.1140533863037
367 767 645.1402839198147
244 543 645.1682591402019
319 671 645.2032317265968
324 687 645.2283174709432
349 738 645.2561732502633
454 903 645.2870732024131
359 752 645.3115878896858
243 541 645.3481550217863
350 740 645.3768161470771
411 840 645.4132748820699
443 888 645.4350089677491
446 893 645.4619935096459
407 835 645.4897876206927
312 662 645.5174799000308
363 757 645.5480729370584
187 434 645.5786561275758
196 448 645.6084614378722
115 279 645.6510445403351
181 416 645.6823366513726
204 467 645.711179024636
237 525 645.7330971708227
212 478 645.759165366333
423 860 645.7904446250622
410 839 645.8283682501497
424 861 645.8493026660148
281 610 645.8794027900404
233 518 645.9116822500199
200 458 645.9344878451393
210 475 645.9561705297444
158 374 645.981302598259
122 296 646.012991584593
261 576 646.0423228692257
327 693 646.0721890524555
201 459 646.101142509691
235 521 646.12531676526
215 488 646.165302167354
331 704 646.1931567399494
388 799 646.2160504133236
373 776 646.2410007945498
393 811 646.2698104218467
403 827 646.2972076037091
161 380 646.3343301751503
171 402 646.3561120584172
386 797 646.3975390581672
416 848 646.4250964430616
317 668 646.4505117066666
368 770 646.4761702357241
438 881 646.5111070108035
273 596 646.5430340461522
176 408 646.5796628081437
95 221 646.6105584407004
128 302 646.6353736118012
93 218 646.6609109373192
111 260 646.6884022605198
374 779 646.7297959574511
206 470 646.7609031455876
258 572 646.7944768672878
344 731 646.8265795549588
352 743 646.8584817889373
234 519 646.8862291719809
437 880 646.9178916893186
211 477 646.9507974873086
219 493 646.975813213038
390 806 647.0057697279642
458 909 647.030319562977
0 0 644.0
134 313 646.9777461466881
173 404 647.0509175315325
182 423 647.2032833235658
164 386 647.2277695043249
275 601 647.260015809638
116 280 647.460231346493
110 257 647.5342093386249
105 237 647.5622859646612
88 200 647.5856791748238
84 192 647.6096485570746
152 347 647.6575402580696
35 71 647.693570241969
89 203 647.7219908498754
117 281 647.750069552965
37 77 647.7830229799719
260 575 647.8263772626975
150 343 647.854127068278
57 129 647.8880722442973
32 62 647.912589715451
64 163 647.9394046872213
49 107 647.9645044876916
39 80 647.9906273381014
48 106 648.0171442674107
9 16 648.2271120882497
78 183 648.2596274894889
16 23 648.2920618103473
29 58 648.3387420611074
137 319 648.3739792286204
270 592 648.4043555258909
452 900 648.4331234020173
129 303 648.4781194278071
76 180 648.5055653291627
174 405 648.5418651127336
27 55 648.5815085085237
245 547 648.6279823492702
254 565 648.6498105312597
338 719 648.6753763105745
329 701 648.6988800493192
286 618 648.7261901142919
435 878 648.7553488073879
159 377 648.7912975166679
203 465 648.8174515804506
230 515 648.8429264872722
148 340 648.8709489197929
179 413 648.9003076853754
291 631 648.9299042968937
232 517 648.9632352464586
228 513 648.9860417595222
314 664 649.018627381526
267 586 649.0495086941147
421 857 649.0784313019614
427 866 649.1111667824549
127 301 649.1622995600217
223 502 649.1924812244906
333 710 649.2285830508878
451 899 649.2594100631312
460 913 649.2845424091595
320 674 649.3136336345464
328 696 649.3350829370631
253 564 649.3602749582969
145 337 649.389422831672
440 883 649.4257509498023
311 661 649.4522645997737
330 703 649.4876677594507
119 291 649.5253841134278
12 19 649.5688965996422
11 18 649.5905865877373
100 229 649.6262759050927
14 21 649.6614291456858
47 105 649.6896545033521
92 216 649.7169644201342
149 342 649.745840006695
4 7 649.7898945105563
59 131 649.8215863946964
66 166 649.8444608727713
52 111 649.8682665798143
58 130 649.8895608572257
56 128 649.9117271980072
33 66 649.9374505997442
62 151 649.9656087542575
138 321 649.9958606065546
79 184 650.0242737710736
30 60 650.0529383128826
90 211 650.0825729624555
10 17 650.1172180678653
378 786 650.176479221197
404 830 650.2020209260984
302 647 650.2331807298737
341 724 650.2553601695486
72 176 650.2982153400986
339 722 650.3424829243847
241 535 650.368633060602
355 747 650.4065155790713
364 760 650.4409092405599
434 877 650.4642966152887
353 744 650.4914367997242
113 266 650.5290360975414
54 123 650.5585183794407
301 645 650.5994052293441
197 451 650.6343507121046
297 640 650.6655878805585
53 112 650.7142947296501
205 469 650.7662621560843
277 604 650.7987191359741
436 879 650.8272134756944
464 920 650.8604058381268
108 253 650.917871822805
430 869 650.9679366625237
268 587 651.0
0 0 644.0
114 275 644.1432756113081
343 730 644.2719543846506
459 911 644.2992660170177
351 742 644.3297224698235
284 615 644.359519175117
213 483 644.3914442352544
151 346 644.4175859991655
394 812 644.4715740066407
166 388 644.5067320081763
156 362 644.7168301017172
226 506 644.7432786318589
294 634 644.7798999364153
303 650 644.802647733865
379 788 644.8347337024519
242 540 644.8643397347424
162 383 644.8893972571904
361 755 644.9249294036523
456 905 644.9501101029617
189 436 644.9859823995371
192 441 645.0102094599979
177 409 645.0369081076307
185 428 645.290963249216
157 364 645.5161262594895
202 463 645.5588583771159
287 621 645.5871329520745
405 832 645.613570042457
279 607 645.6410826989874
370 773 645.6749626078946
218 492 645.7047559700834
283 614 645.7309240789936
216 489 645.7576138598146
362 756 645.7884025845628
336 717 645.8121503186752
360 754 645.8371935163092
425 862 645.8661381403606
406 834 645.8999820202258
412 843 645.9327341531366
186 432 646.0126985148651
170 401 646.044781408611
271 593 646.0717525503235
296 639 646.0995414081506
384 795 646.1327662922631
133 312 646.199164174987
231 516