OperationID Site_ID Site_time_routing
0 0 679.0
172 369 681.3141814341448
103 240 681.4046071682029
1 1 681.5759597151297
72 166 681.6284772590649
120 267 681.6562358596368
147 326 681.6810477139403
135 299 681.9644607924415
132 296 682.1050701042936
98 228 682.1722268771797
51 114 682.2217474480328
32 61 682.2469016999721
30 56 682.627940829563
34 66 682.6522505063006
84 190 682.7163105595959
129 288 682.7478692461727
160 350 682.7783302737753
48 98 682.8103974232544
28 53 682.9303933363822
69 161 682.958073335495
44 90 682.9814852732711
24 46 683.0126563641601
55 123 683.1634529659148
45 95 683.2277356818977
57 125 683.2511227132875
7 16 683.2816984762601
62 134 683.6356629013843
22 40 683.6654036028606
78 182 683.6957195170203
106 245 683.7231989810602
26 48 683.7585106086436
65 139 683.7854731849735
127 286 683.8151233022608
75 177 683.9618942234958
67 143 683.9862317326001
71 165 684.0085393437729
117 261 684.0399448460447
46 96 684.0705071931367
20 35 684.0962786392947
235 487 684.1391497161512
97 225 684.1686267326361
79 183 684.2744817485251
58 126 684.3010015049498
80 185 684.3287674481835
121 268 684.3543510107502
47 97 684.384928065942
10 19 684.412146154158
12 23 684.436219097117
36 72 684.4619135238867
272 542 684.5041013005812
262 526 684.5261715685322
202 429 684.5496217810941
169 365 684.5740777207915
392 772 684.6155949487055
171 368 684.6601579847102
441 877 684.6987847289051
277 551 684.729792700786
359 705 684.764499571372
280 559 684.7931191314229
402 796 684.8219680712631
349 693 684.8549805720611
234 484 684.8865818195995
159 347 684.9121578536488
423 843 684.9601514313225
404 801 684.9836122424853
206 434 685.0173319611511
301 598 685.0430792928787
170 367 685.0789706477129
424 845 685.1224936996488
287 566 685.1548459485953
312 621 685.1769164737922
350 695 685.1998227578274
289 568 685.2242607938267
401 794 685.2613904197592
190 403 685.3044198103939
2 3 685.3519609413866
5 9 685.3736889484918
68 151 685.4063690636441
14 25 685.437766898091
111 250 685.4744290953232
168 363 685.5033701815879
119 265 685.5298988067613
92 208 685.5537208985282
76 179 685.5791660440683
63 135 685.607944583159
52 115 685.6291376971128
96 219 685.6580516615502
86 196 685.6819387125746
88 200 685.7047961924202
77 180 685.7302318313522
25 47 685.759574362509
107 246 685.7942870369978
101 235 685.8234810803863
29 55 685.8564991240136
33 63 685.8852130022324
133 297 685.9218096467947
61 133 685.9540261208804
81 187 685.9772639910451
60 132 686.0
0 0 679.0
43 89 681.179188539077
56 124 681.683737780186
53 116 681.7392546648853
50 111 681.7661371427865
4 8 681.7967964597091
41 86 681.9671666331765
73 167 682.0632495660169
16 27 682.229561685319
155 336 682.3070834401444
158 345 682.4213203244402
198 424 682.4649479229925
167 362 682.487081338949
244 499 682.5124353557671
356 702 682.5399668205881
285 564 682.5674839874729
222 466 682.5976644484016
260 522 682.6198385997384
341 678 682.645615140116
397 783 682.674941155546
220 456 682.7058289282371
417 829 682.7393728944618
357 703 682.767256911518
382 749 682.7901871559478
443 879 682.8227358307772
199 425 682.8575851444954
437 869 682.8970442337342
249 508 682.9306137979462
419 833 682.9686911116285
338 670 682.9939874920641
434 865 683.0245147927689
433 864 683.0462113834392
153 333 683.0877798151071
344 685 683.1221633594844
422 842 683.1489476676519
283 562 683.1823636482283
219 453 683.2090595585465
246 502 683.2444956728997
403 797 683.2869909660649
115 259 683.3287386446905
351 696 683.3628647879221
389 764 683.3869935220594
281 560 683.4274914900531
323 639 683.4613210167845
123 277 683.4973052705451
213 447 683.5250426279673
360 708 683.5689344692418
342 681 683.5909115925807
295 583 683.6203886910305
364 719 683.6463303083107
300 596 683.6747890373124
226 473 683.7013918537967
318 633 683.730544484686
324 645 683.7623139663372
179 380 683.7912031145341
339 672 683.8221288966615
415 826 683.8500059618008
251 510 683.8810306117527
186 397 683.9045989418565
304 603 683.9381655155441
257 518 684.0043887250964
432 863 684.0504233496716
391 768 684.0729372178415
393 774 684.0982920267804
451 893 684.1229832776437
383 750 684.14806137585
355 701 684.1811837670658
447 885 684.2201799735254
165 356 684.2629634982724
453 897 684.2984910121029
416 827 684.326289342004
311 620 684.3543254058079
264 529 684.3775168265856
256 517 684.403434125416
442 878 684.4373895518453
225 472 684.4902467761242
348 692 684.5176925808347
293 578 684.5520481994072
247 503 684.5964332540888
320 635 684.6316375301193
116 260 684.6709060416572
279 558 684.7001850642902
163 353 684.7342958163473
203 430 684.7631087799286
230 480 684.7909056784646
37 76 684.8321403357229
13 24 684.8586195578912
114 255 684.8980898397967
3 4 685.1085380459297
40 82 685.1382674660222
180 382 685.1766255240447
430 858 685.2110170289222
376 742 685.2350653774678
263 527 685.2704412959023
268 536 685.3022652338692
332 661 685.3276386261731
218 452 685.361639457302
444 880 685.3983066470321
331 660 685.425240173691
291 573 685.4493021167979
232 482 685.4733066211019
343 683 685.5098553961528
233 483 685.5460036528737
144 316 685.5710509034611
140 311 685.5963347864529
139 309 685.6183401907559
367 725 685.6562063001468
118 262 685.7131503643802
143 315 685.8966594657101
156 342 685.9732522297719
0 0 679.0
328 652 680.8463593701256
228 476 680.8784169200511
164 355 680.903784502649
390 766 680.9432403114371
274 547 680.9799453840973
410 815 681.0175112133734
290 569 681.0557692281888
421 841 681.0925871815045
224 470 681.1246452770507
254 515 681.1567403395311
456 902 681.1975119884664
325 646 681.2374521865553
196 419 681.2650440295026
452 896 681.2997666561708
292 577 681.3398081272638
284 563 681.3754776315036
138 308 681.403789293898
177 378 681.4272183874087
152 332 681.4489493828536
214 448 681.4815441226528
278 554 681.5183790076601
380 747 681.5580947169123
314 623 681.5936569258328
239 492 681.6252630041813
439 871 681.6576430821901
440 873 681.6791235292839
461 913 681.7032970616964
378 744 681.7331643429742
217 451 681.7710625002138
400 789 681.8071552668048
353 698 681.8303385340103
178 379 681.8608693374241
371 732 681.8958548642224
299 593 681.9292618009267
209 440 681.9541925067557
366 723 681.9840290712077
266 533 682.012098254526
413 821 682.0483045730704
387 761 682.0818206858137
454 899 682.1060770673847
372 733 682.1344398850621
409 809 682.1602336807543
327 651 682.1899218841697
195 416 682.2221137453957
426 848 682.2569277775285
446 883 682.2875755185988
286 565 682.3182296267439
414 825 682.3484762536641
395 781 682.3720837846994
398 786 682.3974986833326
130 289 682.4334441958182
151 331 682.4562759922154
412 819 682.4957462751338
210 442 682.5372850408768
374 739 682.567922702159
431 859 682.5916338834256
425 846 682.623055906415
457 903 682.6452119982322
369 729 682.6703171757249
337 669 682.6926492633299
308 614 682.7157487376543
187 400 682.7457560732993
399 787 682.7779266921848
330 658 682.8016118381375
137 307 682.833046184732
329 653 682.8647995870117
315 625 682.8949384194278
99 230 682.9349945182382
146 322 682.9597387467134
124 279 682.9833035890399
161 351 683.0453734146791
261 525 683.0730391892174
322 638 683.1056777347648
113 254 683.151198211677
173 370 683.3237299358483
83 189 683.3521568909641
38 78 683.3794521298679
19 34 683.4769908589813
128 287 683.5152724815837
148 328 683.5364464813705
102 237 683.5648259426777
182 385 683.6754054286972
166 361 684.1466384756643
85 195 685.2561595134162
384 751 685.2986995402981
296 585 685.3268169626361
201 428 685.3572139804176
212 445 685.3783891024789
321 636 685.4122647902294
200 426 685.4461456076447
428 851 685.4832576889626
245 501 685.5175854547607
207 437 685.5417189248486
236 488 685.5767835167302
450 891 685.6105903310297
184 392 685.6556423377575
333 662 685.6870227709663
197 423 685.7155775531807
250 509 685.7497364295322
288 567 685.7788