id1	id3 	 s 	 delta* 	 gap real_cost gap_cycletime
0 0 672.0 0 0 0
166 22 672.0158962916379 672.016159350073 3.914465917319567E-7 0.05332321864101831 6.6543867395681885E-6
129 15 672.0401049500387 672.0524176683952 1.8321068465485163E-5 0.035998438605685495 2.564872615402054E-4
281 38 672.0701339333956 672.0612433343719 1.3228852447484768E-5 0.058201360054081865 2.381119415851719E-4
140 17 672.1001011235726 672.0926993714055 1.1012992960653565E-5 0.07235596030657353 2.0924021524180818E-4
223 32 672.1286382310369 672.2449504918741 1.7302065378409746E-4 0.03432539853546679 0.0024222166898291582
220 30 672.1535150522632 672.3574113969071 3.032558891859139E-4 0.07293226759371395 0.006368171267757475
282 39 672.1786529572929 672.602895004062 6.30746685630229E-4 0.05892364487953725 0.011353087268756525
421 67 672.2121938851811 672.6510661689082 6.524516287867539E-4 0.07942355742397676 0.014353475305744157
920 164 672.2591208860715 672.6653742296437 6.039456751247859E-4 0.06479094969967093 0.01147460773872856
874 153 672.2902164319479 672.7244595208706 6.454991828779E-4 0.04798085042892274 0.009682191739695867
903 162 672.3936556478694 672.7515831508732 5.32035170140244E-4 0.0696046355024953 0.011172385544225985
681 108 672.4213297763655 672.8404892909473 6.229701114204816E-4 0.09410058053345924 0.013704892797131708
456 73 672.4566330513469 672.8880420989312 6.411305010543059E-4 0.10700286709774072 0.01795105462891706
462 74 672.4832715122095 672.9849436347483 7.454433078834158E-4 0.08161194230160536 0.01565380559730408
359 55 672.5087482933405 673.0628552017025 8.232617564312314E-4 0.09517562710602619 0.020580868403460347
655 103 672.5431210979245 673.0759138059677 7.915789246274841E-4 0.06319460441435429 0.014247974803331986
902 161 672.5751675064869 673.1542011526043 8.601798000011919E-4 0.09456627594180698 0.018063182847737013
829 143 672.6065132000978 673.2616106217981 9.730206079852659E-4 0.059802942214035 0.01751382602270499
770 130 672.6347083764784 673.4830319147732 0.001259606401489969 0.07027130874762957 0.02267219822667607
478 78 672.6736895405719 673.49816416204 0.0012241675855106271 0.051633759587154084 0.020810210041033714
697 111 672.7019027677632 673.5074387088391 0.001196031245950643 0.0727562846146994 0.025115859474839568
678 107 672.7280698266848 673.541852452203 0.0012082138957741724 0.07122538574333295 0.021747161405369857
308 43 672.7624796071093 673.5863028137743 0.0012230403189964487 0.04824987365584895 0.01712204131591343
716 116 672.9229134399251 673.6427700690804 0.0010686029170645867 0.050683155786328336 0.017097122536361063
901 160 672.9503049338493 673.6472330740903 0.0010345594934913357 0.06372257481468403 0.020690542829087243
611 96 672.9845989743375 673.7129914289283 0.0010811613607834508 0.09366288691067093 0.0313526553702649
494 79 673.0148811727429 673.72551822483 0.0010547871987386629 0.04962114427431905 0.017930833844160086
743 122 673.0445851275238 673.7524152574209 0.0010505789869810261 0.08159425544007357 0.023111994872643746
638 100 673.0739847579919 673.7789627874065 0.0010463046018803508 0.1164873514110341 0.030341807465988718
813 140 673.1043973346663 673.8190488663435 0.0010605985878249444 0.0629442203476187 0.020150743751963195
852 148 673.4345069371929 673.8690842486756 6.448987223790518E-4 0.08278553440217856 0.011607802895760012
377 60 674.0514121357094 673.9471495292859 1.5470442525994103E-4 0.06899952045799133 0.0032486905558964034
449 71 674.0853853761503 673.9849731035805 1.489829544824853E-4 0.07191665274659259 0.0032775212772429892
723 117 674.125898763236 674.0027660909922 1.826886749411827E-4 0.05418453774292874 0.0029229287274792665
832 144 674.1538668497841 674.0237908100759 1.9298434488773252E-4 0.06036187417094556 0.004052545307390395
408 65 674.4103155763389 674.2295162057044 2.6815700928075416E-4 0.06445538435332106 0.00429037779435834
649 101 674.4516930987311 674.2348346519274 3.216363730534114E-4 0.08283190492634016 0.007075772507666294
313 45 674.4894197746706 674.2518835507236 3.522959738667872E-4 0.08159340859680289 0.00775026250466133
607 95 674.5200310938424 674.320325343267 2.9615858082540907E-4 0.06427428268522659 0.005330687667530637
336 50 674.5494909170471 674.3756966614554 2.5771132686436114E-4 0.10289159752485665 0.006184866782427405
780 134 674.5873049756805 674.4507110099407 2.0252623877465458E-4 0.10398493152755266 0.0050629878954712325
315 46 674.6265549977385 674.5958617298559 4.54987491383437E-5 0.0569878674936596 8.189521691546617E-4
559 88 674.6696506961958 674.6213005189488 7.167010174422773E-5 0.1160179997785608 0.0022216982257105998
595 93 674.7020087798508 674.8024353731095 1.4882369712132952E-4 0.08332464220397227 0.002976378113848343
510 83 674.7293551581835 674.9304284667721 2.979170890923323E-4 0.05283655334824985 0.005362343038809268
776 133 674.75967408458 674.9733993553792 3.166425091764909E-4 0.07044083976291254 0.005699385264513314
682 109 674.7843495758148 674.9779405212736 2.868107738592403E-4 0.08129460724968238 0.0065964363304410745
877 154 674.8166448927707 675.0610910138222 3.621096287513702E-4 0.10962353050584248 0.009414535555715206
772 132 674.8496208960995 675.0862497007647 3.505164040447995E-4 0.07716890545323893 0.008061620557487895
675 106 674.8834015943575 675.2396538744078 5.275938372491674E-4 0.03469420794619001 0.007913671805164564
499 81 674.9095045350069 675.2680915199395 5.310290674707281E-4 0.08652390427109993 0.011682261970007669
464 75 674.9350937245074 675.2962601669806 5.34826658722901E-4 0.07775346090105116 0.010696192005769484
858 151 674.9692566372331 675.3097164317959 5.041535554407516E-4 0.0806524966334869 0.011091023079931189
705 113 675.0038915013093 675.3328784522911 4.871478369833061E-4 0.10052976526703655 0.012178294275761111
514 84 675.0397624498131 675.3393863887811 4.436642449808533E-4 0.11559741189661708 0.013753128542649368
362 57 675.0684577244673 675.3590821761657 4.3032582128295826E-4 0.07541839324677266 0.008175930726034907
900 159 675.1061850426247 675.3769400587529 4.008946709146418E-4 0.07241035053285422 0.006814993703862455
332 47 675.144411465376 675.3969687937146 3.739390906500556E-4 0.06026978084870265 0.006730694720285153
334 48 675.1665663266598 675.5652872578111 5.902034025012202E-4 0.07153428462078093 0.011213510495457208
713 115 675.200968019992 675.7104866187849 7.540486774779129E-4 0.04764343777063738 0.012064411940963589
380 61 675.2344052902749 675.7711183769378 7.94223180108592E-4 0.09859671502119582 0.019854927016940166
771 131 675.2751671056427 675.7933371868725 7.667581976862092E-4 0.07457667385032715 0.014567943611816826
383 62 675.3165160569167 675.8372303668745 7.704729579266569E-4 0.06301245143895785 0.013097632124400823
707 114 675.3554492742774 675.8431348551626 7.215958197011812E-4 0.04691523973429299 0.013709904637620233
746 124 675.3920492538648 675.9305335760916 7.966563063484262E-4 0.049334095097885486 0.011949480192033107
781 135 675.4234512571737 675.9538262243777 7.846319476679126E-4 0.0787688554019104 0.014907531104014956
798 137 675.4533917106406 675.976971494211 7.745526928425992E-4 0.058358824851880216 0.012392459765708276
360 56 675.4949807669999 675.9919257100635 7.351344360238854E-4 0.09646555002381008 0.020583090941164114
634 98 675.5305986164105 676.0764005851424 8.073081211820196E-4 0.0990122653897367 0.021796603348082217
343 52 675.5704872968762 676.1138844555002 8.03706551687802E-4 0.06316900401386567 0.01205522247730747
476 77 675.5988357441324 676.1481048990333 8.123503577414192E-4 0.09018809292603548 0.020308100497300256
751 126 675.6338239540916 676.1868761597909 8.17898461502646E-4 0.038683118039421746 0.012268109456995269
370 59 675.6768798059106 676.258135730722 8.595178292136355E-4 0.0714422927501579 0.015470832754462245
419 66 675.7079165854077 676.3129307137921 8.945772007431923E-4 0.06576555840196258 0.016101886093783727
568 90 675.7339780499368 676.3395207267014 8.953235146068922E-4 0.057254890508588 0.016115326176727854
749 125 675.7671071294666 676.4022628746885 9.390207278765518E-4 0.09341383468941836 0.022535763160489056
311 44 676.5540007617325 676.4180708399551 2.0095548542716085E-4 0.0637714598872137 0.003818035262616964
744 123 676.588661202236 676.4565710259861 1.9526778496594592E-4 0.08331589426048332 0.004881538095321192
912 163 676.6167960015372 676.4623630704447 2.2829493483059136E-4 0.06195418630968924 0.003652605402627176
444 70 676.6534637521625 676.6177483098501 5.278525785289437E-5 0.07165613962292695 0.0012140226892665598
856 149 676.7746461698187 676.7153418611254 8.76355315518615E-5 0.10575236640352141 0.0025413462215071823
857 150 676.797661140707 676.8158129241934 2.6819384446779453E-5 0.09197287921396285 6.436443127671371E-4
399 64 676.8333549293774 676.8741137713456 6.021628119463837E-5 0.04755163007895138 0.0010236457161315535
498 80 677.1173834790816 677.0129562842624 1.5424696654603228E-4 0.09075550549259581 0.0038560491881819807
738 121 677.1470931121196 677.0171100832215 1.919937132491639E-4 0.08918149703202335 0.004415712535299262
762 127 677.1698403572065 677.0318985999594 2.0374484205591196E-4 0.0809134033641701 0.004889720073323555
883 157 677.1949327142455 677.0813886131366 1.6769638483415738E-4 0.08029863714764614 0.0038568937792748167
840 146 677.2338247968648 677.1032513590749 1.928412506185384E-4 0.056479121181286555 0.0034710356982331748
725 118 677.2581347691212 677.1149500328941 2.1146296684212471E-4 0.02884533259425677 0.0025374808853311477
589 92 677.3693029032216 677.2278067876963 2.08934296712509E-4 0.08314228918886835 0.005432117839708831
473 76 677.5490474682429 677.2700512695856 4.119423236481521E-4 0.08301135043910524 0.008650511501111329
636 99 677.7871429730274 677.451688266655 4.951714080611289E-4 0.07042251007687722 0.008417649159682836
737 120 677.8151127934709 677.5784870446371 3.492226411524814E-4 0.09002200521556623 0.008381072179517496
id1	id3 	 s 	 delta* 	 gap real_cost gap_cycletime
0 0 672.0 0 0 0
650 102 672.0199105112448 672.1082214867165 1.3139398187445787E-4 0.0977528354523914 0.0036789102283379858
891 158 672.0488569920511 672.1521551261169 1.5368266437587345E-4 0.07630327597731407 0.003227232801400868
567 89 672.0822554429715 672.2594723140951 2.636137955982854E-4 0.0838065701922637 0.004744894789752357
828 142 672.1134272634979 672.352956593908 3.562553388974282E-4 0.05712204641026129 0.00605615284096095
335 49 672.1508104800905 672.3844172540041 3.4743038047736047E-4 0.08535681285986206 0.008685478448617105
806 138 672.1882968887999 672.4158980819215 3.3848276605419765E-4 0.06381766478296524 0.00609249876978726
732 119 672.2119067683435 672.5687907386967 5.306282052743843E-4 0.08225661792033417 0.012204055505746776
435 68 672.2451441376762 672.7332893963741 7.25614840817289E-4 0.06819682782502733 0.015963023383769027
58 7 672.287409537483 672.8028062886416 7.660442946153625E-4 0.06651363674077303 0.013788363381786666
31 2 672.3127952235669 672.8779415742578 8.39894304409249E-4 0.057601534529392956 0.013437891799707715
222 31 672.3474329820663 672.9049413123302 8.285097879896788E-4 0.032419681984395134 0.010770306290230479
301 42 672.3722884551731 672.9644133401579 8.798754781784352E-4 0.047477661244948316 0.012317880452598016
278 37 672.8536675906382 673.0464214159101 2.863900901016465E-4 0.052183101616294685 0.005154863153026308
243 33 672.8852293340499 673.1717128278809 4.255726857974668E-4 0.03513042992912538 0.00553227936519342
177 27 672.9109937854766 673.5959633252629 0.0010168848643404224 0.08468077381468186 0.01830333569518326
171 25 672.9369455867221 673.6724532437187 0.0010917882324787164 0.030592846827238222 0.014192825870860019
157 20 672.9582679443895 673.7753850140573 0.001212744020992625 0.05995607363395389 0.01819059420170148
20 1 672.9902215245608 674.4540116216539 0.00217033344285935 0.051549879486999434 0.03689453758882768
266 36 673.0281824650516 674.5858703429022 0.002309102438002212 0.04675592739114563 0.03463548273150003
40 3 673.0637906909242 674.7143275108017 0.002446275042011898 0.0583056775721171 0.041585387468654506
133 16 673.0952990352978 674.7360829987523 0.002431741839212627 0.0520501684497581 0.03647500840817272
47 5 673.1236314612046 674.769479614614 0.0024391265508177393 0.062071091934577376 0.043902910095358
261 34 674.496545354235 675.0078783656278 7.575215457201678E-4 0.044834901349125725 0.01136247877418545
57 6 674.533046483161 675.1931933375473 9.777155055772115E-4 0.04846391540381159 0.017598343103257707
97 11 674.5591034504962 675.3196620761787 0.001126220171561823 0.05725832468975804 0.020271336863881054
148 18 674.5837800842469 675.7536099059585 0.001731148460863381 0.07772869709837829 0.03462186573195371
119 12 674.6072019304278 676.156749065378 0.0022916980967683724 0.07341283274989698 0.03666600830838524
169 24 674.6369140005735 676.746485736488 0.003117225992860131 0.03241109135655725 0.03740560328953302
43 4 674.6704776988861 676.885477039161 0.003272339879359991 0.06619588833770193 0.062172514610255566
123 13 674.702713998961 676.9820297183433 0.0033668777298719865 0.05120496872985581 0.0572351745165497
186 29 676.4455917113945 676.9990722130137 8.175498672545745E-4 0.0443841441083652 0.01226287766916343
851 147 677.1122188116803 677.0057443305614 1.572726406099823E-4 0.07042576592075542 0.003145353884329027
546 87 677.143373269866 677.0195193105789 1.829400124433813E-4 0.04869677330603128 0.0027440167276849567
520 85 677.3625394866665 677.0870654641171 4.068516984009047E-4 0.07323964086546543 0.007729938025582524
79 9 677.4069216153794 677.2055365423432 2.973765897785799E-4 0.0584798540110939 0.004757878497366893
159 21 677.4339694770377 677.2412427807193 2.845761364549107E-4 0.05823696699760664 0.0045530776307795544
182 28 677.4562078766173 677.243363601565 3.1428034070420525E-4 0.0668119691921837 0.005971139751957688
353 54 677.4868051730751 677.2462689268676 3.5516806403179473E-4 0.058307560124489725 0.006037670736177326
288 41 677.5871088634158 677.4850558306018 1.5063510543245553E-4 0.06359682946179107 0.0030126084452654694
id1	id3 	 s 	 delta* 	 gap real_cost gap_cycletime
0 0 672.0 0 0 0
672 105 672.0164773187315 677.6726719033602 0.008346499451929033 0.061765244783500525 0.1669248208657487
508 82 677.6934411747562 677.7769291656373 1.2317915716580913E-4 0.09675947210097892 0.0030793783103349967
603 94 677.7307759798862 677.8448053599217 1.6822343275900247E-4 0.0917921736231067 0.0035325774091842952
538 86 677.7570769220064 677.8514407824807 1.3921023810971943E-4 0.0418237258405134 0.002366503015569286
825 141 677.9666087900101 677.8541750838655 1.658670998533663E-4 0.07565268739285644 0.003814822587638663
835 145 677.9963978600216 677.8673432645558 1.9038326119138408E-4 0.09400216525504501 0.004188295362018961
125 14 678.1558037831312 678.1308404999205 3.6811897822391306E-5 0.04934182796445402 5.889724673369022E-4
90 10 678.4061523023918 678.3133060438129 1.368781324966446E-4 0.06935233419011327 0.003011224608979359
577 91 678.9711362872612 678.9518157231497 2.8456458417287007E-5 0.09499913636788851 7.682994015248315E-4
703 112 679.0 678.9308125853809 1.0190642895653794E-4 0.08633378459082774 0.002139966225661744
id1	id3 	 s 	 delta* 	 gap real_cost gap_cycletime
0 0 672.0 0 0 0
176 26 672.0128602314081 678.8970057136195 0.010140191257693226 0.06319965271794412 0.20279754627346333
807 139 678.4937334905346 678.8783491993826 5.665458462499685E-4 0.096048612472668 0.011897074630568332
442 69 678.7507202559879 678.8769725534286 1.859722785497464E-4 0.08919711958075487 0.004835123388747935
398 63 678.7786782872007 678.7837693760131 7.500310175445371E-6 0.029486511016434215 9.000107568996141E-5
345 53 678.8089214690368 678.7194893601209 1.317659361752995E-4 0.06722924862350675 0.002503474619365548
167 23 678.83918768545 678.6714718635841 2.471237245399728E-4 0.04773611180961072 0.00370674358609547
663 104 678.8846884030175 678.6225024818955 3.863501728327418E-4 0.08156302864562724 0.0081130946583375
id1	id3 	 s 	 delta* 	 gap real_cost gap_cycletime
0 0 672.0 0 0 0
264 35 672.0077446033081 678.6314770910061 0.009760426256811785 0.07488376254669092 0.18544224357326922
286 40 672.0381281892631 678.6186615971139 0.00969695320839491 0.033107197900115966 0.12605666389718387
785 136 672.0832247635946 678.5954793059641 0.009596666557563815 0.06620050101699382 0.18233098568233236
364 58 678.1839351965024 678.5975318798654 6.094874560142957E-4 0.07880185928414057 0.014017766223745155
454 72 678.2200950887462 678.5442276568097 4.776881960704808E-4 0.0873870205385076 0.009553456103505716
878 155 678.2569939432427 678.5453201900892 4.2491818640166395E-4 0.10399838305873442 0.011047508428538577
615 97 678.2883128142217 678.5424577199383 3.7454532553575227E-4 0.05869200392255671 0.005992540446554041
860 152 678.3198404628021 678.5212453527708 2.968291580377448E-4 0.05651184301880366 0.005342760768125211
769 129 678.3574540519256 678.4813872701842 1.826626648627853E-4 0.08491777536213023 0.0038357928598169817
689 110 678.3879026773221 678.4799815135219 1.357134163256874E-4 0.047395088992732405 0.001899930275112436
768 128 678.4177038159726 678.3712665347033 6.845408047202671E-5 0.08248843378315646 0.0015743935360409
879 156 678.4544662540496 678.199056773427 3.765995810106469E-4 0.08169975930812207 0.009038101483727985
78 8 678.509690434046 678.087139927318 6.231507454531903E-4 0.03879912500484384 0.008723849740498018
154 19 678.5362865826802 678.1125720523645 6.24843938570973E-4 0.050681174722167224 0.010622023544339911
337 51 678.5761452394696 678.1689771796271 6.003932257943737E-4 0.06686850920173903 0.0126078642296749
Routing_cost: 11.462242563361793
