id1	id3 	 s 	 delta* 	 gap real_cost gap_cycletime
0 0 686.0 0 0 0
856 439 686.0210625442952 686.0300155419117 1.3050445918738848E-5 0.20699155211673026 0.0010831539318730415
414 176 686.0554542911195 686.0559412401943 7.097804209924677E-7 0.0536164382957444 2.0583046581620173E-5
712 350 686.0851538864068 686.057964990933 3.963060974621998E-5 0.17560888218799625 0.002417394272593905
709 347 686.1076363893717 686.0693074951538 5.586737928539182E-5 0.15700300929119188 0.003631271165696065
420 180 686.1420410558059 686.1599696230713 2.6128844670609594E-5 0.09681486595707992 0.00120189194568775
817 418 686.1823480905999 686.1863894454823 5.889587646334217E-6 0.14298194349676968 3.1213887297907423E-4
793 401 686.2046155693313 686.1968097411502 1.1375494712671753E-5 0.11355823759825329 5.573829191082029E-4
834 426 686.2408054057184 686.1994880068742 6.0211934818393616E-5 0.1271365834862034 0.003070718158651413
584 269 686.2685684143015 686.2057908880222 9.148498469836376E-5 0.18256519397788096 0.005854861904136459
443 193 686.2979188242296 686.2255680730007 1.0543289931919214E-4 0.13633272734984878 0.0059040676239899
872 445 686.3351625599662 686.2746540123259 8.816957946291556E-5 0.17789266128365241 0.005642682792623845
706 345 686.3622067336381 686.3064035140324 8.130948410220228E-5 0.11639604236671523 0.003740126574872673
641 310 686.3927394804741 686.3235414380229 1.0082422978858427E-4 0.16661524107979422 0.00544434483920985
649 315 686.422909737213 686.332900598332 1.3114501549105206E-4 0.16977612525844465 0.008130746514769218
609 285 686.4597278259565 686.4102627216201 7.206346848639474E-5 0.13828082382820794 0.0038192506778752587
657 323 686.4868563830233 686.4181559328304 1.0008542110838407E-4 0.1088842527797041 0.005304372481440594
671 330 686.5087771658754 686.4505669367582 8.479886523652705E-5 0.1323985693979949 0.004239817986748514
771 388 686.5384793673073 686.4706983234148 9.873843713659868E-5 0.15741971539528338 0.005331716173253276
415 177 686.573804461908 686.4964940556265 1.1261587925205337E-4 0.1382076497333554 0.005968464802859752
812 414 686.6064212872932 686.4966638387576 1.598805271999695E-4 0.12687280380652355 0.007833914992709334
667 328 686.6373899518329 686.5162123539915 1.7651090485675908E-4 0.1311560943022903 0.010413836220410675
358 146 686.6719619394288 686.5979138891975 1.0784776465733643E-4 0.17920344812896974 0.006470670478215682
776 391 686.7085585813763 686.6161784399152 1.3454407915503694E-4 0.14897303294323438 0.0068615436940780965
800 406 686.7332191261947 686.630074291099 1.5021893004348968E-4 0.1745695929629016 0.009163078692628846
422 182 686.7729769729722 686.6396783923327 1.9413177658413373E-4 0.2266002138722617 0.015335937677376723
462 204 686.7958250697347 686.6467204501123 2.171489576542467E-4 0.16991158880854648 0.01302854582950103
404 169 686.8183491221629 686.6555073345015 2.3715208852469918E-4 0.13513646267447765 0.012331543924287201
553 255 686.8437454817838 686.662275608321 2.642782047434049E-4 0.15189592671335056 0.015327679108812626
644 313 686.8674162345033 686.6679623757796 2.904662364523554E-4 0.2028737248697438 0.02178430359265165
814 416 686.8934407757195 686.6848476681148 3.037683273673639E-4 0.10422939231956257 0.014580455029954042
435 186 686.925504576764 686.7531259334879 2.5100525467827044E-4 0.12805472175960148 0.014055880309142803
544 247 686.9497261432049 686.7697992663747 2.6199008317259325E-4 0.15910936369002196 0.0162428996887055
334 135 686.9774506661122 686.784916245953 2.803416551598028E-4 0.14851338471122816 0.014857665543602263
354 144 687.0015138499622 686.7871228298674 3.121651716639975E-4 0.177807308007088 0.01716856621408556
680 335 687.0358292226506 686.7905631561578 3.571191563345123E-4 0.19983573329712082 0.028211555187720425
770 387 687.0593848175532 686.8014886625613 3.7550319742924056E-4 0.14836410939614159 0.019150093089228652
632 304 687.0853190836515 686.834262225043 3.6552756962825503E-4 0.2315388122717389 0.03289646699759153
738 369 687.1164820643402 686.9056554991437 3.069221566436226E-4 0.1844237839783585 0.02025624977866459
359 147 687.149228658315 686.9144669008704 3.4176272120719386E-4 0.19301413819494329 0.02460616929492896
648 314 687.1857998526467 686.9594123875693 3.2954998649863967E-4 0.09549002901404684 0.01351115754171696
604 280 687.2171850650232 686.9867304161513 3.354572056031425E-4 0.18012531486546385 0.019120483204604813
618 293 687.2421473102944 686.9869618870764 3.714559917076578E-4 0.23049881743515882 0.033430009277477794
580 266 687.2659775543273 687.0023182085515 3.837823232726145E-4 0.11157910542722033 0.016885928588549363
588 272 687.2926141890107 687.0301587894131 3.820143791941126E-4 0.1312909566102275 0.022920187248965277
835 427 687.320011174156 687.0863569398372 3.4006530905294195E-4 0.2022488655600782 0.02244362599327293
916 469 687.349555305269 687.0945563827802 3.711263902761979E-4 0.10109202834251213 0.014844623852766794
726 359 687.3781314273083 687.0956927299453 4.110616619364928E-4 0.12576832876706948 0.0201414287777218
514 229 687.4122439639849 687.238324014272 2.530707960187069E-4 0.22430906345499016 0.0232817985565141
194 77 687.4556464137 687.3200075175614 1.9734460608607332E-4 0.12852749327658775 0.008880245604239095
178 72 687.4785635437214 687.3980197878001 1.1717193474922998E-4 0.12144576081652853 0.005624087793677345
303 121 687.5061084498848 687.4050333419643 1.4703864973035347E-4 0.13440731734213365 0.0077928183368403785
523 234 687.5400034756851 687.4108501969846 1.8788367780857382E-4 0.1660395121280035 0.01108480475196662
459 201 687.5656968557917 687.4151714539879 2.189730574106525E-4 0.12203009764412726 0.01094833150063438
740 370 687.5948108553032 687.4286498194796 2.4171386494766341E-4 0.11417949267643959 0.011843633076398475
406 170 687.6266458566914 687.4624657198694 2.3882051022242135E-4 0.11930726037161099 0.011940675516555308
799 405 687.669598240155 687.4642611322616 2.9868768385886673E-4 0.11902305399236418 0.014933946526660666
637 307 687.6983374882515 687.4756241332285 3.239581844138237E-4 0.10199510603739398 0.012310052949702917
555 256 687.728320241736 687.4997471945022 3.3247000914042287E-4 0.16287849022575426 0.018285303132609863
790 399 687.7562694112339 687.5183061681428 3.461191374196614E-4 0.17340906942128143 0.024227611925576462
737 368 687.7795837440061 687.5388910771247 3.500786210134358E-4 0.18306759568169723 0.023804627677389147
682 336 687.8105347649273 687.5718149862064 3.4719250195806113E-4 0.16181032938052137 0.021872473865874296
673 331 687.8412310129901 687.5829119246054 3.7569154774609766E-4 0.10505523503762783 0.017281308183691085
386 159 687.8731594856242 687.6547277558449 3.1764739041670537E-4 0.13741457547145647 0.016199537947908065
906 462 687.9146208535577 687.6573417600557 3.741385103858587E-4 0.09886570785381982 0.016835744468815285
497 221 687.9489826134328 687.6850891726926 3.837416935382944E-4 0.1908472798300047 0.02877975600175949
572 262 687.9727739599697 687.7607059997383 3.0834556028190194E-4 0.17191976470118134 0.02065853246441245
318 127 688.0028368408025 687.9549086409172 6.96676472299257E-5 0.1785026181801998 0.003483277315334919
417 178 688.0324399807471 688.0282977277877 6.020468886286287E-6 0.07753494662958166 2.4081184464519415E-4
460 202 688.0585956523431 688.0536407523291 7.201328094994819E-6 0.10816128974566579 3.24050322653975E-4
552 254 688.3037419570513 688.3123592445124 1.2519443164677232E-5 0.13512394962461358 7.511444501314997E-4
779 394 688.3792817506763 688.3521128388101 3.9469497310376586E-5 0.17751868254608824 0.0026049084765740805
716 352 688.4039811462179 688.4383564773983 4.993232997111184E-5 0.09817771453504107 0.0020471661947136875
884 449 688.4312064374355 688.4482557780916 2.4764883218113136E-5 0.05281033724099295 6.933970767670959E-4
780 395 688.4599678622146 688.4706818265621 1.5561976174568437E-5 0.2175121950404441 0.0011826739763677115
468 208 688.4933299664717 688.4866231886344 9.741333544315925E-6 0.14254394072706955 5.454985365761489E-4
892 454 688.5275595768618 688.490838399167 5.3335753573897785E-5 0.07332071411517041 0.0020267006283333127
630 302 688.56197896755 688.4988173288729 9.173819487760348E-5 0.12735140869580536 0.004311568425059304
521 233 688.5857911254234 688.5476738710789 5.535891818522543E-5 0.1980091596417988 0.0035982203974798135
381 157 688.6115065815383 688.5909045816901 2.9919070541141334E-5 0.14194358356786935 0.0017651729705266458
295 119 688.6404056152861 688.6470242272308 9.611036876363111E-6 0.08093011958531666 3.45987386468417E-4
383 158 688.8059783434636 688.8348869625407 4.1967414287918715E-5 0.13092367422047743 0.001972410419542921
461 203 688.8287084275303 688.8478194482384 2.7743458233534856E-5 0.13148901505694488 0.0016923012084375903
498 222 688.943087124632 688.9240579249291 2.7621621692571347E-5 0.18138353246158723 0.0019334553350928247
857 440 689.0273328595488 688.999996756295 3.96750411937328E-5 0.18842499627877146 0.0027374951778716687
310 124 689.1574105368467 689.132321780564 3.6406297440614826E-5 0.1514343778673583 0.002038692119637538
357 145 689.1795586737812 689.1349627147102 6.47129538970307E-5 0.174944755382667 0.003947371679593862
524 235 689.2219085373767 689.1865518730159 5.13020230368075E-5 0.15637527819994843 0.0028728277828552456
535 242 689.3652608889648 689.3399780002785 3.667695113181101E-5 0.1906603162239676 0.0026039848707862436
515 230 689.4653597412928 689.436647287589 4.164625396214263E-5 0.23492678689712115 0.0035398225842890015
418 179 689.5109954227713 689.5101448358191 1.23361049662206E-6 0.10486291869901458 5.3043711401100504E-5
264 105 689.5822725857101 689.6106239137791 4.111208134829694E-5 0.156737607548345 0.0022199863322318754
323 130 689.6057721601984 689.6450022457609 5.6884462926228946E-5 0.14303223886437416 0.0031854357978203076
574 263 689.6379754709685 689.6766541540848 5.6082343636361373E-5 0.12697642381425614 0.0028040349387590427
557 257 689.6606601565677 689.695151034541 5.000887409689588E-5 0.13694704582965575 0.002150318167414011
505 225 689.683528654558 689.7052835032953 3.15422387758984E-5 0.16424217297227345 0.0018924778474563022
391 164 689.7087650830423 689.7062413685684 3.659115029757702E-6 0.08411051835833792 1.4270138658621656E-4
220 89 689.736682122865 689.7148768023662 3.161497777144644E-5 0.14488271708629022 0.0018020004488918844
87 31 689.7656062615287 689.7625218094964 4.4717593877593535E-6 0.10697798271103034 2.056949575856771E-4
320 129 689.7982070034817 689.7750576377628 3.356074630797577E-5 0.10816706827002323 0.0013088310476597504
257 102 689.8275127199381 689.7928713721946 5.021992714225572E-5 0.13477879271877746 0.0024607039809900833
192 76 689.8526248625129 689.812700523708 5.787707123192099E-5 0.20072569373283308 0.002835890274299975
112 44 689.8783993838618 689.8373751500108 5.946942762005135E-5 0.12397109040975511 0.0031517874108063057
41 14 690.0597766886794 690.0802249990396 2.9631787174012254E-5 0.08783080238580283 0.0011556064556078115
272 108 690.0969973517326 690.0948902277705 3.053382936091058E-6 0.05156100903031371 7.938571277963023E-5
324 131 690.180824984222 690.1755677712536 7.617211060399861E-6 0.1067963335905093 3.199135759300093E-4
69 25 690.2293283709096 690.2280521756429 1.8489472611732794E-6 0.07110874804903948 5.731572965996614E-5
231 95 690.3617302659258 690.3273356581747 4.982362130901818E-5 0.1180670513630845 0.0021921753517309558
49 17 690.3959396839675 690.4039196576963 1.1558413128248586E-5 0.10121950543276173 4.8543930108768316E-4
223 92 690.4323996891292 690.4448078915758 1.797131690297919E-5 0.05775309703002732 5.570950424985562E-4
103 37 690.664370285783 690.6333425339367 4.4926518798606515E-5 0.14963748566953644 0.002470885379192376
id1	id3 	 s 	 delta* 	 gap real_cost gap_cycletime
0 0 686.0 0 0 0
171 68 690.0971083102803 690.6616590670685 8.174056708907097E-4 0.05031547966150736 0.022886713018397484
2 1 690.1315369211958 690.7199248940287 8.518474009899437E-4 0.10303502262499176 0.037480200551187365
102 36 690.1625188897306 690.7344089108271 8.279448854999907E-4 0.11396794099398626 0.034772672767283436
15 8 690.1911596469989 691.0311277926742 0.00121552866707801 0.12282095073307983 0.0571281781302862
129 52 690.2215308023221 691.0583469720442 0.0012109197050996737 0.062430023584386145 0.03874833129778333
176 71 690.2435186410371 691.1314882650206 0.0012848056253559213 0.11880936194038866 0.06552317731705638
232 96 690.2674284285605 691.1346283940619 0.001254748250013838 0.149608417848222 0.07277324647785059
107 41 690.2968024814293 691.1425986900998 0.0012237651249880407 0.12938034265288545 0.058739004519411345
215 85 690.3236111118142 691.252387058175 0.0013436133657541362 0.10058159086691489 0.05643013068556254
156 61 690.3478823441667 691.3306535131296 0.0014215645783515981 0.04312406371628366 0.03411659153808361
743 371 690.3894086129802 691.35377094387 0.001394889811005448 0.16649474867412364 0.08648059163903671
918 470 690.418536811768 691.3623143536937 0.001365098331701723 0.09263577902696712 0.05460236174932144
546 249 690.4521887103108 691.4266161666634 0.0014092998932481388 0.09605813503901972 0.05496111125728513
654 320 690.4790706232379 691.4415972582794 0.0013920577513099393 0.20488785780315968 0.06960077267086034
615 290 690.5022287893173 691.4681764345034 0.0013969517008967213 0.12223104904352186 0.061464080132975274
721 356 690.5296174959465 691.4863493399974 0.0013835874633883218 0.15572013082900035 0.0788621472124502
822 421 690.5629797541476 691.506671489188 0.0013646892704709498 0.18402506726175727 0.07096170785149618
697 342 690.5956472132995 691.5474456445163 0.0013763313525506204 0.14474691857697322 0.07844857395663984
727 360 690.6268275044004 691.5622242075872 0.0013525850175790484 0.15009413752757564 0.07844761211012327
920 471 690.6607105445943 691.5828980540175 0.0013334446412976441 0.12877243520276457 0.06800368619813225
608 284 690.7016077691824 691.5995694984543 0.0012983838754023057 0.04318796301696459 0.03375703299842911
319 128 690.7321064906131 691.6087725291637 0.0012675750704328598 0.11666294089887917 0.060841832794981364
336 137 690.7605949028026 691.6103280002961 0.0012286298557027374 0.21904423657863686 0.09091583586669921
586 270 690.7899906712406 691.6169461533298 0.0011956842392144237 0.20437819211750635 0.07771711864492732
612 288 690.8176256945974 691.6212452985094 0.0011619359720003433 0.15536251190780967 0.07319979822365089
539 244 690.8515504287882 691.6460627218609 0.0011487266911431504 0.10177710248075367 0.04594773959472896
408 172 690.8766661665833 691.6698037542478 0.0011466997451089393 0.13896987579982548 0.05274663593416161
504 224 690.9002302565098 691.7130967440296 0.0011751497714096984 0.16162475564281983 0.07285712129211108
433 185 690.9316517913843 691.7648598184327 0.0012044671180133052 0.14083467806209207 0.06744817402068144
291 117 690.9565432196279 691.7751861799578 0.0011833945141203604 0.11980365081576969 0.05798464164816695
581 267 690.9859483647007 691.7888566799328 0.0011606262625932912 0.14015761146805483 0.06151138207293729
258 103 691.0165868579963 691.8243694181826 0.0011676121800474216 0.14806358694407482 0.06071403988273411
438 188 691.0434671011266 691.8360422078981 0.0011456111830227263 0.13320618388856392 0.06644350171148984
798 404 691.0819748680829 691.8433133359939 0.0011004492682598426 0.12098439112914389 0.04841835563158036
908 463 691.116175224099 691.882358973078 0.0011073902073701718 0.16249867388156353 0.06533408013516974
717 353 691.1426092405421 691.897326543586 0.0010907937841213012 0.17653272881543453 0.06544566847906447
412 174 691.1767954232072 691.8986191232055 0.0010432506729281868 0.2376005715714032 0.06154989291693364
269 107 691.2276953865124 691.9091711581506 9.849208538419097E-4 0.08081936915112779 0.0374259224096466
390 163 691.2560072903337 691.920137961402 9.598371757541276E-4 0.07369405835517978 0.03647277374673439
744 372 691.2885077822871 691.9311107846398 9.287095092805625E-4 0.1607821609987673 0.06222169100942237
894 455 691.3183621064128 691.939870037874 8.982108971798447E-4 0.1459453281651079 0.04221466606614145
865 443 691.347148523047 691.9487203957925 8.693879401950041E-4 0.22022767256571707 0.0678101914756
547 250 691.3835077310479 691.9751778531001 8.550452978500975E-4 0.1566558234267578 0.054721278236732125
847 433 691.4154475678066 691.983191195998 8.204586981514458E-4 0.11308232597156767 0.04020130910653821
902 460 691.4423293197707 691.9958043160359 7.998242082005968E-4 0.2074777290367375 0.051986995333103685
376 154 691.484857577564 692.0188946083568 7.717087422809782E-4 0.24372597291923384 0.04244266882566796
909 464 691.5246403314444 692.0680846847532 7.852469508926435E-4 0.13400342990873418 0.03612029990710831
850 435 691.5479255356577 692.0802065036318 7.691030070967581E-4 0.16810424416815425 0.04537572519819566
496 220 691.5808169013337 692.0880978189041 7.329715959125015E-4 0.12145873508014637 0.039579313065012896
236 98 691.6094053982657 692.1007541590939 7.099381959569414E-4 0.1147138233250802 0.031236372752890047
679 334 691.649360036262 692.1188251862064 6.783013737823446E-4 0.12378731185564469 0.034592360761071944
610 286 691.6733685865943 692.1381713969282 6.71546274345531E-4 0.08780725981794504 0.030218716129120013
329 133 691.7039484894218 692.1778165594415 6.846045317879013E-4 0.15595437772405207 0.03833671789124231
622 295 691.733876667464 692.1848346815507 6.514994138728746E-4 0.1517525891624062 0.034528447695960834
804 408 691.7628162840147 692.2043670139268 6.378907024480727E-4 0.14147100461647133 0.034445084453720014
442 192 691.7987750026172 692.2138029820092 5.995661710357143E-4 0.17373459550245537 0.04256792818709085
401 167 691.8215742297544 692.2237718656405 5.810225713602541E-4 0.16140592723465932 0.034860319141983065
873 446 691.8583895715907 692.2256782861117 5.305909994994457E-4 0.18718026390975662 0.03448737851493867
559 258 691.8940865648162 692.3230653618723 6.196222811554558E-4 0.22543046224548677 0.05762311560100601
888 452 691.9255950307406 692.3420226178177 6.014766885051511E-4 0.14898210241379217 0.03548607740700724
366 150 691.9728346889817 692.3629000485763 5.633828149475078E-4 0.11319284663242984 0.02873169001416219
550 253 692.0022268810212 692.3832047139394 5.502412974844414E-4 0.11057982280508019 0.030262395038777187
633 305 692.0322629583001 692.4412879766395 5.906999271153133E-4 0.21496748485010186 0.046663875931890995
197 78 692.0791740846726 692.4636182689898 5.551832243233678E-4 0.14953230103817544 0.032199676576104584
481 216 692.1128410105443 692.4859572514436 5.38806941847816E-4 0.13288864053075916 0.030172305320021266
797 403 692.1536586931345 692.4933821724466 4.905801095835703E-4 0.19901825331939998 0.0367923979637551
508 226 692.183570679342 692.4939847630488 4.4825527807736045E-4 0.1981239468175765 0.0327216480384661
623 296 692.2203605527634 692.5282974040107 4.446559835917366E-4 0.17183101568590925 0.028012491538260558
587 271 692.2423462203443 692.5426542131465 4.3363104203803264E-4 0.12035453431896209 0.021680920918596053
720 355 692.266720297219 692.5693139416846 4.369145995560994E-4 0.08962574202699684 0.022282006138981774
263 104 692.3034248023185 692.5819043833251 4.020890226037516E-4 0.06171466665029195 0.013670639997646762
280 112 692.3238618887789 692.6389104500381 4.5485253067075165E-4 0.10911493525825709 0.020922610591591628
393 165 692.3495376041869 692.6481521649595 4.3112012908599727E-4 0.08545066737969872 0.01638209590804474
373 152 692.3872393443618 692.6596396960409 3.9326724998541826E-4 0.1597364341285673 0.02005603451681882
440 190 692.4140161181418 692.6837533276556 3.894088871262814E-4 0.1658521195226073 0.02531082536513581
159 63 692.4502417627596 692.7119332336781 3.7777820528792723E-4 0.12059937755384989 0.01662175692486977
198 79 692.4728732551504 692.7133652986154 3.4717396186130343E-4 0.07507088536848876 0.01458089140109457
653 319 692.5188286295655 692.7207097183334 2.9143215430931424E-4 0.16174349114210482 0.020399646138694456
896 456 692.5490593875035 692.7277978435684 2.580211976787122E-4 0.16513784191789999 0.01573882523378359
625 298 692.5777531173663 692.7426937621567 2.3809799262493987E-4 0.17604870313900098 0.016666361988301803
655 321 692.6062673948478 692.7471987765422 2.0343839995783534E-4 0.12755210288108124 0.009968190406781494
732 364 692.6291681765607 692.7520007939971 1.773110973272269E-4 0.16421060534075993 0.011347573212609428
563 259 692.656534975032 692.7592629158337 1.482880797138081E-4 0.15378130971828924 0.009045305509697385
714 351 692.6819235053064 692.7648869815048 1.1975704565498598E-4 0.1574612725287513 0.006586442354462674
749 374 692.7091107191184 692.7806511622337 1.0326564836252737E-4 0.1923886871121092 0.007228377899174703
897 457 692.7412583326694 692.8346022892871 1.3472761941918436E-4 0.21146697538143885 0.010912606316617432
470 209 692.7783601698827 692.8463682103817 9.815746119104453E-5 0.17705945416277183 0.005889271604478989
606 282 692.8116971372461 692.8620467441391 7.266902138679841E-5 0.12624564252820483 0.00414201342684745
520 232 692.8357174383931 692.8915091357884 8.052010547061458E-5 0.15363155132485753 0.004347957118301968
821 420 692.8749046048957 692.9023706830742 3.96391747821367E-5 0.19432677264387882 0.0025368307460825732
379 156 692.9151607318136 692.9308163746854 2.2593370798153408E-5 0.16271862062122766 0.0014007474192787525
160 64 692.9513623833172 692.9583070139142 1.0021714909395004E-5 0.09635013572972101 3.6077135389472035E-4
733 365 693.0 692.9633470098845 5.289311516064388E-5 0.17699714167047706 0.0033850582342322285
id1	id3 	 s 	 delta* 	 gap real_cost gap_cycletime
0 0 686.0 0 0 0
377 155 686.2962459742828 686.2939004667363 3.41764300232044E-6 0.13384310491635662 1.8796480892342696E-4
436 187 686.4772037024293 686.4995433311661 3.2541359938067855E-5 0.17257992787262508 0.0021476651456296225
388 161 686.5063860109303 686.5262719267976 2.8965993990912052E-5 0.12574166332468034 0.0014192919089993223
746 373 686.5381705934196 686.527760389014 1.5163559299797875E-5 0.09774628997421211 5.913616263830374E-4
810 412 686.5643423408253 686.5295024942577 5.0747777686195166E-5 0.11951853132102644 0.002334329225142899
605 281 686.5905778946758 686.5605705321943 4.3706795539096206E-5 0.15429876548425703 0.0027097405022074995
446 195 686.6679163794984 686.6356107867192 4.7049107665910987E-5 0.11659295506156578 0.0020701000357649085
227 93 686.746885760577 686.7842401824679 5.4390330624007047E-5 0.08506714444008641 0.002229939201500937
266 106 686.7822893475386 686.7861602257027 5.6362203962021785E-6 0.0900945946734055 2.1417017675488904E-4
199 80 686.8856485748805 686.8792182933877 9.361589813149747E-6 0.1576503074123347 5.897625489549033E-4
304 122 686.9562723029633 686.916498383118 5.790211756291938E-5 0.12478079925845088 0.0026055186130497184
294 118 687.021526657118 687.0360257864429 2.110388506675571E-5 0.12289083426538566 0.0011184730559349637
341 141 687.0466193656522 687.0915363754033 6.537267215957611E-5 0.06574041284474362 0.0019611241027701494
441 191 687.07007561703 687.1835439332497 1.6512082866558224E-4 0.16941939750191864 0.010732531765884437
759 381 687.1016514210204 687.1948830889793 1.3566991002582533E-4 0.15449351888900884 0.008004286067024195
664 325 687.1325422663626 687.2315180965523 1.4402108690220154E-4 0.198083196105581 0.010369202986808986
911 466 687.1623732590591 687.2458759297377 1.2150334196718221E-4 0.15770913149731147 0.0058319860997097595
724 358 687.1957056962636 687.2710355002658 1.0960712748117179E-4 0.15208276175224233 0.006137816333247264
784 396 687.223543919209 687.2789557652161 8.06249711886445E-5 0.18999343093429247 0.005643577032223211
676 333 687.2490153234495 687.2838282191476 5.06528660630867E-5 0.18519744961056928 0.0034949421261563237
898 458 687.2760076942659 687.3066274635302 4.4550376848923126E-5 0.18815904412611212 0.0031184320062236444
374 153 687.3125806945425 687.3250977626816 1.8211277574269676E-5 0.11650121852291725 9.105372222189039E-4
534 241 687.3383227151484 687.3391706738075 1.2336830131963749E-6 0.13746402673850483 7.155149983690019E-5
910 465 687.3725340704633 687.3440230011015 4.148005715873134E-5 0.16605407613520734 0.002488728836192119
642 311 687.4041203425842 687.3695887108546 5.023735745182086E-5 0.12042462830729181 0.0029136813510958486
570 260 687.4267189823704 687.3725026009326 7.887481857741828E-5 0.1686440758260521 0.00544219934636045
718 354 687.4526521239458 687.3827050437553 1.0175856866517015E-4 0.1432549906037066 0.0052912886249332144
640 309 687.4754236338408 687.384500299965 1.3227434403327923E-4 0.18855629123491557 0.009920275768139777
802 407 687.5048051402 687.3961893974443 1.580103940507294E-4 0.18035662594941515 0.009480337526677613
337 138 687.5434229026952 687.4062219618835 1.9959223007918708E-4 0.12822942606625454 0.010777663209751159
338 139 687.5642507857915 687.6688998522427 1.521794376242516E-4 0.11530471105133619 0.007608749376481382
626 299 687.5932965555413 687.6694040815058 1.1067458507358011E-4 0.14855097323006072 0.005976249975895074
758 380 687.6196320547281 687.6772323585819 8.376066727744319E-5 0.10427474009467458 0.003685362125140458
619 294 687.6441787991575 687.680555803233 5.289811347504528E-5 0.12992730952788933 0.0024861380752870285
820 419 687.6756827837123 687.698378874164 3.3002972158793984E-5 0.19396094809182493 0.0024751478881144865
728 361 687.6998975017314 687.721058868618 3.077027613703987E-5 0.12785310516291012 0.0017846235492504727
887 451 687.7256084647101 687.7229396466344 3.8806587972205855E-6 0.10888588385484271 2.017883775179791E-4
836 428 687.7606484295051 687.7546683511163 8.69507495040256E-6 0.15061578545906873 4.521304451268336E-4
607 283 687.7877718421347 687.760627418098 3.946783656196474E-5 0.13081567766608787 0.0019338669988715454
765 384 687.8133691674308 687.7711512880608 6.138361472554971E-5 0.1404912351631456 0.002884944447386448
853 437 687.8424132856766 687.7871144239522 8.040113076371075E-5 0.07407748215317414 0.002813958900565469
735 367 687.865110826717 687.7904581530826 1.0853985069071229E-4 0.15909355450303728 0.0051012205147154205
730 362 687.8904337505924 687.7991349143077 1.327405512017853E-4 0.22804119700233635 0.01048618066337087
616 291 687.9166668881095 687.840994955542 1.1001369956495999E-4 0.06170466036120206 0.0031903063699880007
590 274 687.9429295517949 687.856173303637 1.2612556450757246E-4 0.1597933483320541 0.0073150642788722825
360 148 687.9706458486334 687.8965326966264 1.0773880734127112E-4 0.18581708225908972 0.008295637863123997
769 386 688.0121500513924 687.9605711360925 7.497365032804897E-5 0.1801306072624791 0.004573254791374901
475 212 688.0500750429753 687.9832839095706 9.708249454145484E-5 0.2034781830668866 0.007960522496190748
707 346 688.0842221487583 688.0269190832437 8.328608071169884E-5 0.07851958282366599 0.0034979149767556655
839 430 688.1286297266573 688.0844936211151 6.414343870751775E-5 0.13772783095173902 0.0031429355965187657
631 303 688.2365476150189 688.2573773014019 3.0264385199383916E-5 0.17900841112096497 0.002118443226747083
611 287 688.2585871997784 688.2629039091775 6.271890253775592E-6 0.17440540054292958 4.8292106797834515E-4
687 338 688.2818906608945 688.2882448762446 9.23191031857857E-6 0.10606591426521925 4.4311880641111415E-4
548 251 688.4600017878594 688.4513126460981 1.2621287230669432E-5 0.1709387530950929 8.582218129731149E-4
537 243 688.4830892062947 688.5199299896842 5.350721422115617E-5 0.20669498905328856 0.004066424424325792
601 279 688.5093888200644 688.5379616809802 4.149787303817535E-5 0.1222899187047369 0.0020748328394245242
454 197 688.5371987582674 688.5508586598874 1.983862404369523E-5 0.19133280424000199 0.0011902813886711127
844 432 688.5704945427227 688.5873845233149 2.452844907093474E-5 0.15836752776916188 0.001422607634715935
755 377 688.5979959525712 688.5933540957847 6.7410711400426935E-6 0.17090519765034598 4.24674750283572E-4
549 252 688.6274959336968 688.5965297182432 4.49700428583373E-5 0.18828628309926285 0.0033276827011026445
465 207 688.6544197562993 688.5999614673611 7.908552423104228E-5 0.14287578306952617 0.004112325521119818
413 175 688.6844106674583 688.6422833454642 6.117446316175513E-5 0.13356892194212155 0.003180978356743505
528 236 688.7086978795469 688.6984183356967 1.4926045387204233E-5 0.11281158687055551 6.716524452951665E-4
813 415 688.7401739393788 688.7034450182259 5.333053205781396E-5 0.12337224244240044 0.002666448426627258
464 206 688.7796623679964 688.7753439130959 6.269758258135267E-6 0.16280880295234107 3.573655451538111E-4
828 424 688.8162456469743 688.8087453642921 1.0888773890607252E-5 0.1133448486858206 4.899805271413397E-4
513 228 688.8475858894243 688.9281428178574 1.1693081386342702E-4 0.16780719274805567 0.008067984951228332
914 468 688.8822045250777 688.9495282739547 9.771942081981488E-5 0.10062384527128429 0.004104096673834787
824 423 688.9089734715998 688.9903581240258 1.1812161297521592E-4 0.1880171367098188 0.008032027152653705
650 316 688.9346903458896 688.9905206323127 8.103200951422469E-5 0.18872732723886856 0.0063203060972116835
734 366 688.96134031298 688.9947762529483 4.852858268407261E-5 0.14545362520636315 0.0028631016253440316
711 349 688.9847734950151 688.9999927908079 2.208896364593216E-5 0.13520913810262242 0.0011265039401739526
816 417 689.0133807129301 689.0011389079322 1.7767466999238197E-5 0.13675247787646053 9.771818705887855E-4
458 200 689.0533658377186 689.0717589920306 2.6692654388978475E-5 0.19059384708931115 0.00170827821598471
427 183 689.0791186078546 689.0786321794544 7.059113104173502E-7 0.11703267333048126 3.1059189928135375E-5
421 181 689.1028319267532 689.0808572925611 3.188977601042823E-5 0.1598328015090147 0.0019452183636902588
806 409 689.1375790479493 689.1233205255564 2.0690813919930714E-5 0.12931454795936176 0.0010138200850691964
731 363 689.1608116435674 689.1296090657836 4.5278242834611796E-5 0.1654128075578695 0.0029429978816137236
868 444 689.1850185790813 689.1926718276228 1.110465745550105E-5 0.11446730367157687 5.107993387082981E-4
643 312 689.2166951875085 689.2400490172681 3.3883448579155836E-5 0.14230240163060284 0.001694122328224519
886 450 689.2541376287187 689.2430313801135 1.6113690091213702E-5 0.19953857572837494 0.0011279240786157337
912 467 689.2899943174374 689.2908007290488 1.169914948146569E-6 0.13159965897294532 5.264462346914982E-5
788 398 689.314490902381 689.3027576515407 1.7021911939326806E-5 0.1576869450444194 0.0010553271355010507
808 411 689.3374596714865 689.3174937523683 2.896476485684791E-5 0.19799339687100476 0.002201255441068465
811 413 689.3601300800137 689.3296501566407 4.4216759522980416E-5 0.12611753463329547 0.002122342191875578
773 389 689.3910934502198 689.4349439512945 6.360353715657005E-5 0.19008507798424645 0.004006901736476446
830 425 689.4174233353041 689.4529732419835 5.156248222740445E-5 0.12711828329551142 0.002732731399751398
757 379 689.4395307212374 689.502109058327 9.075873194232108E-5 0.14203686941013846 0.004265534286706939
722 357 689.4665770688554 689.507074384746 5.8733720646445236E-5 0.11252081746384332 0.0031127965662230794
666 327 689.4986260383938 689.5140997561136 2.2441481218878192E-5 0.22024820224534788 0.0015035331621271865
881 447 689.5322826133489 689.5224142364573 1.4311901524708834E-5 0.11410522626149949 6.869512461849755E-4
532 239 689.5627887022174 689.5410095288343 3.158502987086093E-5 0.20068834025301893 0.0021161327542761634
314 126 689.5911881694286 689.5732470426336 2.601772454476509E-5 0.11665876246222731 0.0011707634216832424
439 189 689.6150894523591 689.5831100200577 4.637502258505818E-5 0.1056184903712757 0.002086815426615225
634 306 689.6466783297964 689.5832366446784 9.200003965674456E-5 0.19638496009116196 0.007083788727733346
665 326 689.6702064605448 689.6295212743744 5.8995714242703454E-5 0.1648920955405424 0.0038346070040278448
710 348 689.6934487039271 689.6769050308866 2.398757000530945E-5 0.17764165748178048 0.0016311058055541448
595 277 689.7177225902944 689.7127193174823 7.254140270290198E-6 0.17901953493687617 4.279814095895138E-4
777 392 689.7438519907281 689.7288626195676 2.173226607271832E-5 0.14948573531707798 0.0012604340815522976
767 385 689.7720354510278 689.7344384773152 5.450934680839343E-5 0.17897776298307355 0.0033794779428000677
861 442 689.7951461519999 689.7532470883269 6.0745003883425694E-5 0.18580804778219412 0.0038268198753163367
543 246 689.8255465379566 689.7553483365733 1.0177260901647065E-4 0.17127620270770727 0.006309712857368019
689 339 689.8579312860326 689.7557031932453 1.4820913015148947E-4 0.09565980985725789 0.005483579338415588
882 448 689.8869590023938 689.7607139801783 1.8302727258429042E-4 0.23541823983531826 0.012811513879562761
756 378 689.915980900433 689.7708368792154 2.104235399025587E-4 0.15733939151427212 0.009889611888479359
890 453 689.9415754940085 689.7989948470524 2.0669883258914073E-4 0.1040829371209351 0.00930117770546162
id1	id3 	 s 	 delta* 	 gap real_cost gap_cycletime
0 0 686.0 0 0 0
754 376 689.7011514786765 689.8201161816069 1.724575728363722E-4 0.11256366855338791 0.008105269888808124
541 245 689.7356488072576 689.8280601688466 1.3396289151590906E-4 0.1621938005810078 0.00830545175555288
900 459 689.7679417017737 689.8549815931797 1.2617128777555508E-4 0.15877393787643285 0.006308376478950094
273 109 689.8073012873391 689.8684258943488 8.860328247438169E-5 0.11663848134230775 0.003809829940570059
597 278 689.8381778164141 689.8879469242786 7.214085720200579E-5 0.12480035339102698 0.0030298271990503024
477 214 689.8666745164363 689.9016909211605 5.075564415185948E-5 0.18690840935931546 0.0032482632779587493
795 402 689.9069921550212 689.9064011509178 8.566438902619129E-7 0.14970892962726925 5.396696705477923E-5
823 422 689.933408276214 689.9588535933034 3.687947035810548E-5 0.03202405383159395 7.37568763211466E-4
837 429 689.9640386997594 689.9659758015908 2.8075323992725643E-6 0.10422161282242688 1.3756510011028888E-4
432 184 690.0004721981007 690.0042680493779 5.5011997068497955E-6 0.17345150687319566 2.585486293158434E-4
364 149 690.0362564192462 690.0208612914582 2.2311104854399676E-5 0.15517147472928525 0.0013832474315825481
463 205 690.0599516758828 690.0410214318209 2.7433505362557994E-5 0.1754308244703735 0.0017008263302950976
387 160 690.0844583239067 690.0495419880087 5.059975229800745E-5 0.15105276366301604 0.003187689959500442
575 264 690.111561594037 690.0780157961839 4.861160200037702E-5 0.12537846006125689 0.002381898725800055
594 276 690.1449361330662 690.1094535991648 5.1415806168579106E-5 0.1836678700819342 0.002570712830712415
402 168 690.1788142188057 690.1149688478449 9.251410829028288E-5 0.1641957421430983 0.005828215050957559
457 199 690.2023690570754 690.2123809911375 1.45055845675681E-5 0.20915168616535118 0.00107338059643777
474 211 690.22470342589 690.2140313587097 1.5461967875779255E-5 0.1503147811637805 9.276905962626648E-4
335 136 690.3644189065603 690.5384879014765 2.5207718029616745E-4 0.1657442808729118 0.017140737448535382
674 332 690.3957374961066 690.5826136130049 2.706064607109909E-4 0.11600266350462601 0.013529928898558011
752 375 690.4245287729932 690.5980750716651 2.512985554642607E-4 0.16428619446626436 0.015328755042864321
577 265 690.4565698209067 690.5987271733528 2.0584653120921497E-4 0.18595298310165403 0.015438025667934063
330 134 690.4951862397126 690.64579081056 2.1806340218291864E-4 0.18500771521839846 0.015263979139428133
904 461 690.5342298295074 690.6575582730067 1.7856670360299443E-4 0.22213910694575043 0.00910662257831443
852 436 690.5588864243788 690.6690475544301 1.594991558422814E-4 0.1855334050465138 0.008772189279252222
627 300 690.5903020075993 690.6770974049961 1.2566711379719976E-4 0.14030004650354694 0.0070371510237516866
763 383 690.6151897442389 690.6892820856294 1.0727304348311988E-4 0.08824095416704256 0.00450533833944885
775 390 690.6451857430168 690.6974028528398 7.560055909770091E-5 0.12718837862116372 0.003855515596352426
582 268 690.6730435810077 690.7426732985303 1.0080413475847797E-4 0.19354238845192323 0.005140855351482011
638 308 690.695727150457 690.7595006062405 9.232367521200255E-5 0.23403508892391608 0.008308875709526336
704 344 690.7256056474401 690.778828910644 7.704819687053371E-5 0.15025749379745337 0.004776846878200087
613 289 690.7521765326437 690.7913924177049 5.6769504501044203E-5 0.1781762617060639 0.0030654612213831243
485 217 690.787984437568 690.8071694523991 2.777188147356828E-5 0.12263325569381765 0.0012219270621136684
785 397 690.8208455863005 690.847493392378 3.8572631923016196E-5 0.13139243794342637 0.0019671465069674796
694 341 690.8437810420262 690.8579745001647 2.0544683078692116E-5 0.14429660400691352 0.001109380135076969
690 340 690.8671552771478 690.8842641799203 2.4763775438878724E-5 0.11083000259013973 0.0011886266936602268
476 213 690.8965299228 690.9029488717046 9.290666532842832E-6 0.17964635035284662 6.50327159131499E-4
668 329 690.9288117908189 690.9300490678183 1.7907413363679199E-6 0.1597578305145063 1.1102266336573534E-4
486 218 690.96726731928 690.9477825597997 2.8200046330716625E-5 0.12360458041192827 0.0013817618812583365
860 441 690.9999884357204 690.9607235941139 5.6826445072384256E-5 0.108721135904365 0.00261394061759233
491 219 691.0369739753622 690.961930429187 1.0860735283730177E-4 0.1642244208639048 0.00695066361831153
617 292 691.0648200069742 690.968352282905 1.3961236249161832E-4 0.14412463503649595 0.008236886412339503
444 194 691.0964428179142 690.9842002270673 1.6243872263652266E-4 0.13486267625879217 0.009583603248553441
409 173 691.1210680521214 691.017944819603 1.49233798183417E-4 0.13304587134274942 0.006715323654254784
792 400 691.1546879675379 691.0979621678505 8.208069303158886E-5 0.10562112192712034 0.0035293675319204585
479 215 691.1842639308733 691.1474472138873 5.3268976300780724E-5 0.08741340624795975 0.0022905002285014565
531 238 691.2086414224767 691.1561714848144 7.591618193840816E-5 0.15211764896129298 0.004023438442372516
456 198 691.2317821791564 691.160370224837 1.0332183006406579E-4 0.21347473643463208 0.008575451102324131
760 382 691.2623332755777 691.2124331675619 7.21921447319802E-5 0.13915364190648105 0.003681690990231738
512 227 691.2904504495092 691.2607369437528 4.2984512454371025E-5 0.14284634133102658 0.002407061743261483
449 196 691.3222863568463 691.2608466839584 8.888059143322209E-5 0.13867297208800858 0.005154922700599
686 337 691.3514118123833 691.2768867522753 1.0780782857945783E-4 0.19196014014451107 0.007115102087057871
530 237 691.3802763168255 691.3194061123477 8.80493212539139E-5 0.14979677477282813 0.004930616158774171
519 231 691.4061179196473 691.3635842499358 6.152142039361163E-5 0.17397352913719388 0.003814213987037721
79 28 691.4781617181661 691.4435745118599 5.002173363265279E-5 0.12131226468670099 0.0022008920386488275
65 23 691.5043311605101 691.4714171968874 4.759989032684259E-5 0.08993100828635414 0.0018563423701232476
313 125 691.5546705942323 691.5672524688091 1.819327698333268E-5 0.1662252323012402 0.0011279495753336102
128 51 691.5913659132565 691.5776255167848 1.986819116859367E-5 0.12720365655047283 9.933804987225176E-4
118 46 691.6134807666492 691.6019518141286 1.6669924788933023E-5 0.10901457781761766 6.834470897377439E-4
174 69 691.6370176692172 691.6054213154745 4.56855206291941E-5 0.11046220951593991 0.0022385255721071497
141 55 691.6592288298399 691.671897411161 1.831588267289642E-5 0.09576719115767812 6.77668126865944E-4
91 32 691.6823726347016 691.6830926896633 1.0410185956536603E-6 0.08289885601853716 3.8516585175062976E-5
238 99 691.7117097526691 691.6933050517174 2.660818142560388E-5 0.08439554558972669 0.0010642967672718094
94 34 691.741149692058 691.7221273380663 2.7499993479841256E-5 0.10780020025508469 0.001182465449135386
352 143 691.7759110098617 691.804961822539 4.199277871719191E-5 0.2427956254215248 0.0024355059051144688
122 49 691.8526487024942 691.8858009833855 4.7915827791454284E-5 0.1771271868294741 0.002539462793007042
10 4 691.8846803040702 691.9330867578847 6.995828750038458E-5 0.19279078859022325 0.0041274144482235575
120 48 691.9162775801591 691.9357190721068 2.8097251539248048E-5 0.12809724315158644 0.0015453036562894761
407 171 691.9517303818235 691.9552277874711 5.054381421206618E-6 0.1219197451308475 2.577659367617336E-4
281 113 691.9773982630212 691.9634281123515 2.018914598971876E-5 0.11301379480593979 9.488623085057604E-4
349 142 691.9993753498529 691.9866456090942 1.839593414043669E-5 0.09611073338103249 6.806299512819646E-4
23 11 692.0395433165669 692.0252614938357 2.06377187739278E-5 0.17774632293684878 0.0019605249106481697
92 33 692.0668083108449 692.0749334246603 1.1740222659524634E-5 0.06463188040024813 4.1089614293226385E-4
62 22 692.0890949574518 692.0784277142336 1.5413344486770835E-5 0.1190588378871891 7.244060950353582E-4
170 67 692.120693134928 692.115836795793 7.016656572258152E-6 0.10211336657317271 2.876746092511736E-4
153 58 692.1514759449856 692.1321837072235 2.787363196834435E-5 0.04767882688928485 6.968212023249924E-4
340 140 692.1871468032671 692.1627209681737 3.528915145727445E-5 0.11490384830143398 0.0016938300566325447
283 115 692.2696785127395 692.265633158576 5.8436443609821044E-6 0.13559437286288503 3.213910128003485E-4
241 100 692.2925115804877 692.2712334911647 3.0736636586353616E-5 0.06903616303328726 0.0010757517182139675
157 62 692.3201939809992 692.2723151807317 6.916180124152499E-5 0.12907975199106442 0.0029738704108534008
545 248 692.360366684923 692.3287543682105 4.566084611244275E-5 0.1253475627597018 0.002419954216231122
144 56 692.6440742711358 692.7055194988257 8.870324540555582E-5 0.1598026303335612 0.00399152752706231
67 24 692.6740614966102 692.7133311080001 5.668955630916273E-5 0.07944709080438175 0.0020974537207360876
29 12 692.6974064210739 692.7425790394296 6.520837569765258E-5 0.047271209640173895 0.001630163597244627
389 162 692.736607665533 692.7785492897394 6.054117040633214E-5 0.0676521148424177 0.0022399597713000595
233 97 692.813974196921 692.7813786835945 4.705021573815778E-5 0.11551721248224193 0.0020701493584481187
id1	id3 	 s 	 delta* 	 gap real_cost gap_cycletime
0 0 686.0 0 0 0
305 123 686.0644332035637 686.0405464905862 3.48182233538615E-5 0.11477948663035176 0.001531956908010668
119 47 686.0960083319715 686.1091456059415 1.9147498694936398E-5 0.1658342124680732 9.190523127638495E-4
221 90 686.1228508854483 686.1590610341102 5.277223710683303E-5 0.13235134620425743 0.0027440752334941107
301 120 686.1476660565492 686.1748414445487 3.9604174269026146E-5 0.09548336878442809 0.001465311883187316
169 66 686.1781379383976 686.1846797325679 9.53357654799081E-6 0.05835578358675761 2.669325306696163E-4
218 88 686.2060049844235 686.1981329107035 1.147201273578409E-5 0.13381565048134028 5.965270211258647E-4
84 30 686.234659560668 686.2182852227347 2.3861704483643182E-5 0.11431884826609273 0.001121467252620873
372 151 686.4519681396998 686.4347571283092 2.507304767404574E-5 0.12325562760612246 0.001128253944284792
181 73 686.4867116412199 686.4846343769931 3.0259442423301496E-6 0.06445551472536071 9.985330557275457E-5
30 13 686.5170589085026 686.5425394102984 3.7114235947790105E-5 0.09284401744871312 0.0015587527343218206
6 3 686.5812190411397 686.5468307135374 5.008883016262773E-5 0.14440397108372027 0.0026045417771860414
216 86 686.6281368575674 686.6093679061013 2.733570548756746E-5 0.14608097543394036 0.0015307540076806524
5 2 686.6702613869421 686.6577282680506 1.8252352482959955E-5 0.12197303089195738 8.57835352031007E-4
127 50 686.7407715806527 686.718470902049 3.2474266454998325E-5 0.11310844858242157 0.0013963525853869854
43 15 686.9312785058946 686.9106530342177 3.0026425686952705E-5 0.13291075109756248 0.0015313024872705568
57 19 686.9527559807902 686.9729104948459 2.9338149653010273E-5 0.0856227798598114 0.0012321667292689903
154 59 687.1225452964159 687.1414529811286 2.7516437308108855E-5 0.09524257872065134 0.0011556568619696115
229 94 687.1552582163487 687.1579398065625 3.902436482872857E-6 0.13000213897998417 2.1462768231784738E-4
108 42 687.1832506823375 687.1699246715737 1.939259895613916E-5 0.0712005326334184 6.981135613232727E-4
22 10 687.2969543536906 687.205474535843 1.331185813229628E-4 0.1703278577370787 0.006522614329489145
54 18 687.3216171003003 687.3207267102563 1.2954505944459574E-6 0.1002823147731508 5.3111930861028755E-5
155 60 687.4569905910279 687.4567833759007 3.0142276890504485E-7 0.09799053918298506 1.235797487208379E-5
75 27 687.4849567996299 687.4889911819992 5.868286504929657E-6 0.1342846792781656 2.875375467907439E-4
256 101 687.517785350977 687.5063393594949 1.664856136856708E-5 0.09193597354451633 5.993308631517402E-4
113 45 687.5466986465376 687.535837391078 1.579736628836524E-5 0.11380627385306495 7.266576028479046E-4
175 70 687.5913303732027 687.59800873419 9.712595008200111E-6 0.120966541065987 4.856155073356019E-4
284 116 687.6869199343374 687.646991141841 5.806582884936879E-5 0.09954530230270305 0.002206437413320498
100 35 687.7181950476588 687.6621696456803 8.147227585229257E-5 0.0532367149826673 0.0023626289482979123
222 91 687.7452464675903 687.7604053768798 2.2040974111082225E-5 0.05530757377393174 6.391700925356365E-4
278 111 687.841468179698 687.8742590302747 4.7669832307621695E-5 0.09589465554694758 0.0020974118688727762
282 114 687.8857463591966 687.8849731425023 1.1240494042538524E-6 0.11514370657321878 5.282877724979047E-5
12 6 688.0576695608197 688.010837131727 6.806931891930899E-5 0.16732052303203013 0.00394790218451208
83 29 688.1330322214648 688.1608026593005 4.035457661707696E-5 0.07317646245662587 0.001291309458673903
73 26 688.2180227923316 688.2470174759644 4.212830988963637E-5 0.08113759232054493 0.0015587026530143378
136 54 688.3772369379762 688.3848318736042 1.1032979339861096E-5 0.10619418995546945 4.854369666431147E-4
109 43 688.4012625720158 688.4240082537227 3.3040221483068995E-5 0.1068205433593695 0.00158588449431435
11 5 688.5682240304138 688.5413874597158 3.8975973248387615E-5 0.13734136066290176 0.0019487411151709849
214 84 688.6050343025307 688.5861313973862 2.7451765701611964E-5 0.1210600978667635 0.001235293258528996
17 9 688.641483490502 688.6236237010029 2.5935487666102834E-5 0.22994493804553612 0.002334122160995576
45 16 688.6706379750905 688.6498765931489 3.0147949846910033E-5 0.1257943577708801 0.0015073532418909564
186 75 688.7019356323622 688.6707430521857 4.5293894783789856E-5 0.08350369967717725 0.0016758258981859515
105 39 688.7699844688021 688.7989987937816 4.21230649729175E-5 0.11613498609127837 0.002232457260195475
130 53 689.0365716798957 689.0388661847805 3.330007924732728E-6 0.14249564546331056 1.7648520025608853E-4
13 7 689.067690636966 689.0519109033037 2.290064567353781E-5 0.1556528836555618 0.0013968978386498711
204 82 689.1285646056781 689.1609002431218 4.692030182250981E-5 0.08785872924583094 0.0018298390600834473
104 38 689.2491949486848 689.216670394945 4.71906080291888E-5 0.10895429350355383 0.0019347586105662867
148 57 689.3033167528837 689.2928641572927 1.516423008931606E-5 0.16274942749062052 8.643353148754323E-4
184 74 689.3257758817463 689.3006299995836 3.6480283156926905E-5 0.14127770679424467 0.0019333978809408213
106 40 689.3658628853381 689.3354599165691 4.410475093307E-5 0.13060131388861806 0.002205172719254281
327 132 689.4088413983883 689.343014691525 9.549194734748073E-5 0.13709209238839742 0.004487989127059241
59 21 689.4456977561402 689.4235547903304 3.211808714105052E-5 0.15297548864243513 0.0017664423166530937
202 81 689.4763061770567 689.4795082067521 4.644125978119816E-6 0.10259251193946588 1.904036425222131E-4
164 65 689.4987605451892 689.4863274580789 1.8032391093366337E-5 0.04843599197245817 4.6882892853225035E-4
217 87 689.5232868943256 689.5043020915837 2.7533987364992317E-5 0.14097443859516667 0.0015143245903120543
205 83 689.5508939542075 689.5304783036471 2.9608046638643477E-5 0.06371355719669966 8.882161241821821E-4
58 20 689.7486201644584 689.707102213281 6.0196496518854946E-5 0.1372101816865516 0.0030097361023077593
276 110 690.1206742719996 690.1486269914953 4.0502463386136516E-5 0.10161643619864508 0.001620051611141729
589 273 690.1503621414136 690.1573402966976 1.0110962930655263E-5 0.15673782587434118 6.875250703857732E-4
855 438 690.1787973238663 690.1665668092267 1.7721105640066616E-5 0.15689088600364134 0.001010072995501364
700 343 690.204438331002 690.1803952507801 3.483593620947469E-5 0.171450201609097 0.002055258717960584
651 317 690.236478515251 690.2075255123644 4.1948257323067225E-5 0.23614016371117683 0.003607439120244401
663 324 690.2601741470949 690.219345445525 5.9153226925932724E-5 0.1704453781334305 0.003549087452939745
500 223 690.2957614888383 690.2439903580891 7.500410213241337E-5 0.09169678691595666 0.0032250834855266524
396 166 690.3217791070283 690.2465608805126 1.0897298266838492E-4 0.17002485768642722 0.005775395244234637
656 322 690.3507973410339 690.2851106522392 9.51587797289046E-5 0.17964747776995307 0.005804511189740016
571 261 690.37665898212 690.3509912652588 3.718067647614759E-5 0.1694416601098004 0.0021192351897423327
807 410 690.4069997900784 690.3869485647783 2.9043459384323163E-5 0.21238243916071303 0.0018877672809989407
849 434 690.4302053191846 690.4025257723926 4.009189676853273E-5 0.15491386112347288 0.0023252609895190288
840 431 690.458443833638 690.406913677219 7.463737022054224E-5 0.10849406960618009 0.003433219331119635
778 393 690.4864410615925 690.4323252714549 7.837957198231335E-5 0.14679939993785998 0.004389126241908854
652 318 690.5108538971753 690.4848681237956 3.7634095371578174E-5 0.19058831899156226 0.0027472061376178506
628 301 690.5442381934694 690.4959922053764 6.987149619632876E-5 0.08943508343946452 0.002724909944890391
471 210 690.5990031203577 690.5830893972075 2.30438934786409E-5 0.1235315767255637 0.0011291177601838965
533 240 690.6439808483412 690.5983561090945 6.606551962237434E-5 0.24185432120793354 0.005351141945536649
591 275 690.6682723925655 690.6513819086631 2.4455875054887307E-5 0.10465279939215055 0.001002661814352255
624 297 690.6899764398831 690.6628982294703 3.920611702499992E-5 0.13136577296789165 0.0021954781508094034
Routing_cost: 66.30472379627076
Numero de crew disponibles:8.43769498715119E-14
*********************************************************************
*********************************************************************
0 0 686.0
856 439 686.0210625442952
414 176 686.0554542911195
712 350 686.0851538864068
709 347 686.1076363893717
420 180 686.1420410558059
817 418 686.1823480905999
793 401 686.2046155693313
834 426 686.2408054057184
584 269 686.2685684143015
443 193 686.2979188242296
872 445 686.3351625599662
706 345 686.3622067336381
641 310 686.3927394804741
649 315 686.422909737213
609 285 686.4597278259565
657 323 686.4868563830233
671 330 686.5087771658754
771 388 686.5384793673073
415 177 686.573804461908
812 414 686.6064212872932
667 328 686.6373899518329
358 146 686.6719619394288
776 391 686.7085585813763
800 406 686.7332191261947
422 182 686.7729769729722
462 204 686.7958250697347
404 169 686.8183491221629
553 255 686.8437454817838
644 313 686.8674162345033
814 416 686.8934407757195
435 186 686.925504576764
544 247 686.9497261432049
334 135 686.9774506661122
354 144 687.0015138499622
680 335 687.0358292226506
770 387 687.0593848175532
632 304 687.0853190836515
738 369 687.1164820643402
359 147 687.149228658315
648 314 687.1857998526467
604 280 687.2171850650232
618 293 687.2421473102944
580 266 687.2659775543273
588 272 687.2926141890107
835 427 687.320011174156
916 469 687.349555305269
726 359 687.3781314273083
514 229 687.4122439639849
194 77 687.4556464137
178 72 687.4785635437214
303 121 687.5061084498848
523 234 687.5400034756851
459 201 687.5656968557917
740 370 687.5948108553032
406 170 687.6266458566914
799 405 687.669598240155
637 307 687.6983374882515
555 256 687.728320241736
790 399 687.7562694112339
737 368 687.7795837440061
682 336 687.8105347649273
673 331 687.8412310129901
386 159 687.8731594856242
906 462 687.9146208535577
497 221 687.9489826134328
572 262 687.9727739599697
318 127 688.0028368408025
417 178 688.0324399807471
460 202 688.0585956523431
552 254 688.3037419570513
779 394 688.3792817506763
716 352 688.4039811462179
884 449 688.4312064374355
780 395 688.4599678622146
468 208 688.4933299664717
892 454 688.5275595768618
630 302 688.56197896755
521 233 688.5857911254234
381 157 688.6115065815383
295 119 688.6404056152861
383 158 688.8059783434636
461 203 688.8287084275303
498 222 688.943087124632
857 440 689.0273328595488
310 124 689.1574105368467
357 145 689.1795586737812
524 235 689.2219085373767
535 242 689.3652608889648
515 230 689.4653597412928
418 179 689.5109954227713
264 105 689.5822725857101
323 130 689.6057721601984
574 263 689.6379754709685
557 257 689.6606601565677
505 225 689.683528654558
391 164 689.7087650830423
220 89 689.736682122865
87 31 689.7656062615287
320 129 689.7982070034817
257 102 689.8275127199381
192 76 689.8526248625129
112 44 689.8783993838618
41 14 690.0597766886794
272 108 690.0969973517326
324 131 690.180824984222
69 25 690.2293283709096
231 95 690.3617302659258
49 17 690.3959396839675
223 92 690.4323996891292
103 37 690.664370285783
0 0 686.0
171 68 690.0971083102803
2 1 690.1315369211958
102 36 690.1625188897306
15 8 690.1911596469989
129 52 690.2215308023221
176 71 690.2435186410371
232 96 690.2674284285605
107 41 690.2968024814293
215 85 690.3236111118142
156 61 690.3478823441667
743 371 690.3894086129802
918 470 690.418536811768
546 249 690.4521887103108
654 320 690.4790706232379
615 290 690.5022287893173
721 356 690.5296174959465
822 421 690.5629797541476
697 342 690.5956472132995
727 360 690.6268275044004
920 471 690.6607105445943
608 284 690.7016077691824
319 128 690.7321064906131
336 137 690.7605949028026
586 270 690.7899906712406
612 288 690.8176256945974
539 244 690.8515504287882
408 172 690.8766661665833
504 224 690.9002302565098
433 185 690.9316517913843
291 117 690.9565432196279
581 267 690.9859483647007
258 103 691.0165868579963
438 188 691.0434671011266
798 404 691.0819748680829
908 463 691.116175224099
717 353 691.1426092405421
412 174 691.1767954232072
269 107 691.2276953865124
390 163 691.2560072903337
744 372 691.2885077822871
894 455 691.3183621064128
865 443 691.347148523047
547 250 691.3835077310479
847 433 691.4154475678066
902 460 691.4423293197707
376 154 691.484857577564
909 464 691.5246403314444
850 435 691.5479255356577
496 220 691.5808169013337
236 98 691.6094053982657
679 334 691.649360036262
610 286 691.6733685865943
329 133 691.7039484894218
622 295 691.733876667464
804 408 691.7628162840147
442 192 691.7987750026172
401 167 691.8215742297544
873 446 691.8583895715907
559 258 691.8940865648162
888 452 691.9255950307406
366 150 691.9728346889817
550 253 692.0022268810212
633 305 692.0322629583001
197 78 692.0791740846726
481 216 692.1128410105443
797 403 692.1536586931345
508 226 692.183570679342
623 296 692.2203605527634
587 271 692.2423462203443
720 355 692.266720297219
263 104 692.3034248023185
280 112 692.3238618887789
393 165 692.3495376041869
373 152 692.3872393443618
440 190 692.4140161181418
159 63 692.4502417627596
198 79 692.4728732551504
653 319 692.5188286295655
896 456 692.5490593875035
625 298 692.5777531173663
655 321 692.6062673948478
732 364 692.6291681765607
563 259 692.656534975032
714 351 692.6819235053064
749 374 692.7091107191184
897 457 692.7412583326694
470 209 692.7783601698827
606 282 692.8116971372461
520 232 692.8357174383931
821 420 692.8749046048957
379 156 692.9151607318136
160 64 692.9513623833172
733 365 693.0
0 0 686.0
377 155 686.2962459742828
436 187 686.4772037024293
388 161 686.5063860109303
746 373 686.5381705934196
810 412 686.5643423408253
605 281 686.5905778946758
446 195 686.6679163794984
227 93 686.746885760577
266 106 686.7822893475386
199 80 686.8856485748805
304 122 686.9562723029633
294 118 687.021526657118
341 141 687.0466193656522
441 191 687.07007561703
759 381 687.1016514210204
664 325 687.1325422663626
911 466 687.1623732590591
724 358 687.1957056962636
784 396 687.223543919209
676 333 687.2490153234495
898 458 687.2760076942659
374 153 687.3125806945425
534 241 687.3383227151484
910 465 687.3725340704633
642 311 687.4041203425842
570 260 687.4267189823704
718 354 687.4526521239458
640 309 687.4754236338408
802 407 687.5048051402
337 138 687.5434229026952
338 139 687.5642507857915
626 299 687.5932965555413
758 380 687.6196320547281
619 294 687.6441787991575
820 419 687.6756827837123
728 361 687.6998975017314
887 451 687.7256084647101
836 428 687.7606484295051
607 283 687.7877718421347
765 384 687.8133691674308
853 437 687.8424132856766
735 367 687.865110826717
730 362 687.8904337505924
616 291 687.9166668881095
590 274 687.9429295517949
360 148 687.9706458486334
769 386 688.0121500513924
475 212 688.0500750429753
707 346 688.0842221487583
839 430 688.1286297266573
631 303 688.2365476150189
611 287 688.2585871997784
687 338 688.2818906608945
548 251 688.4600017878594
537 243 688.4830892062947
601 279 688.5093888200644
454 197 688.5371987582674
844 432 688.5704945427227
755 377 688.5979959525712
549 252 688.6274959336968
465 207 688.6544197562993
413 175 688.6844106674583
528 236 688.7086978795469
813 415 688.7401739393788
464 206 688.7796623679964
828 424 688.8162456469743
513 228 688.8475858894243
914 468 688.8822045250777
824 423 688.9089734715998
650 316 688.9346903458896
734 366 688.96134031298
711 349 688.9847734950151
816 417 689.0133807129301
458 200 689.0533658377186
427 183 689.0791186078546
421 181 689.1028319267532
806 409 689.1375790479493
731 363 689.1608116435674
868 444 689.1850185790813
643 312 689.2166951875085
886 450 689.2541376287187
912 467 689.2899943174374
788 398 689.314490902381
808 411 689.3374596714865
811 413 689.3601300800137
773 389 689.3910934502198
830 425 689.4174233353041
757 379 689.4395307212374
722 357 689.4665770688554
666 327 689.4986260383938
881 447 689.5322826133489
532 239 689.5627887022174
314 126 689.5911881694286
439 189 689.6150894523591
634 306 689.6466783297964
665 326 689.6702064605448
710 348 689.6934487039271
595 277 689.7177225902944
777 392 689.7438519907281
767 385 689.7720354510278
861 442 689.7951461519999
543 246 689.8255465379566
689 339 689.8579312860326
882 448 689.8869590023938
756 378 689.915980900433
890 453 689.9415754940085
0 0 686.0
754 376 689.7011514786765
541 245 689.7356488072576
900 459 689.7679417017737
273 109 689.8073012873391
597 278 689.8381778164141
477 214 689.8666745164363
795 402 689.9069921550212
823 422 689.933408276214
837 429 689.9640386997594
432 184 690.0004721981007
364 149 690.0362564192462
463 205 690.0599516758828
387 160 690.0844583239067
575 264 690.111561594037
594 276 690.1449361330662
402 168 690.1788142188057
457 199 690.2023690570754
474 211 690.22470342589
335 136 690.3644189065603
674 332 690.3957374961066
752 375 690.4245287729932
577 265 690.4565698209067
330 134 690.4951862397126
904 461 690.5342298295074
852 436 690.5588864243788
627 300 690.5903020075993
763 383 690.6151897442389
775 390 690.6451857430168
582 268 690.6730435810077
638 308 690.695727150457
704 344 690.7256056474401
613 289 690.7521765326437
485 217 690.787984437568
785 397 690.8208455863005
694 341 690.8437810420262
690 340 690.8671552771478
476 213 690.8965299228
668 329 690.9288117908189
486 218 690.96726731928
860 441 690.9999884357204
491 219 691.0369739753622
617 292 691.0648200069742
444 194 691.0964428179142
409 173 691.1210680521214
792 400 691.1546879675379
479 215 691.1842639308733
531 238 691.2086414224767
456 198 691.2317821791564
760 382 691.2623332755777
512 227 691.2904504495092
449 196 691.3222863568463
686 337 691.3514118123833
530 237 691.3802763168255
519 231 691.4061179196473
79 28 691.4781617181661
65 23 691.5043311605101
313 125 691.5546705942323
128 51 691.5913659132565
118 46 691.6134807666492
174 69 691.6370176692172
141 55 691.6592288298399
91 32 691.6823726347016
238 99 691.7117097526691
94 34 691.741149692058
352 143 691.7759110098617
122 49 691.8526487024942
10 4 691.8846803040702
120 48 691.9162775801591
407 171 691.9517303818235
281 113 691.9773982630212
349 142 691.9993753498529
23 11 692.0395433165669
92 33 692.0668083108449
62 22 692.0890949574518
170 67 692.120693134928
153 58 692.1514759449856
340 140 692.1871468032671
283 115 692.2696785127395
241 100 692.2925115804877
157 62 692.3201939809992
545 248 692.360366684923
144 56 692.6440742711358
67 24 692.6740614966102
29 12 692.6974064210739
389 162 692.736607665533
233 97 692.813974196921
0 0 686.0
305 123 686.0644332035637
119 47 686.0960083319715
221 90 686.1228508854483
301 120 686.1476660565492
169 66 686.1781379383976
218 88 686.2060049844235
84 30 686.234659560668
372 151 686.4519681396998
181 73 686.4867116412199
30 13 686.5170589085026
6 3 686.5812190411397
216 86 686.6281368575674
5 2 686.6702613869421
127 50 686.7407715806527
43 15 686.9312785058946
57 19 686.9527559807902
154 59 687.1225452964159
229 94 687.1552582163487
108 42 687.1832506823375
22 10 687.2969543536906
54 18 687.3216171003003
155 60 687.4569905910279
75 27 687.4849567996299
256 101 687.517785350977
113 45 687.5466986465376
175 70 687.5913303732027
284 116 687.6869199343374
100 35 687.7181950476588
222 91 687.7452464675903
278 111 687.841468179698
282 114 687.8857463591966
12 6 688.0576695608197
83 29 688.1330322214648
73 26 688.2180227923316
136 54 688.3772369379762
109 43 688.4012625720158
11 5 688.5682240304138
214 84 688.6050343025307
17 9 688.641483490502
45 16 688.6706379750905
186 75 688.7019356323622
105 39 688.7699844688021
130 53 689.0365716798957
13 7 689.067690636966
204 82 689.1285646056781
104 38 689.2491949486848
148 57 689.3033167528837
184 74 689.3257758817463
106 40 689.3658628853381
327 132 689.4088413983883
59 21 689.4456977561402
202 81 689.4763061770567
164 65 689.4987605451892
217 87 689.5232868943256
205 83 689.5508939542075
58 20 689.7486201644584
276 110 690.1206742719996
589 273 690.1503621414136
855 438 690.1787973238663
700 343 690.204438331002
651 317 690.236478515251
663 324 690.2601741470949
500 223 690.2957614888383
396 166 690.3217791070283
656 322 690.3507973410339
571 261 690.37665898212
807 410 690.4069997900784
849 434 690.4302053191846
840 431 690.458443833638
778 393 690.4864410615925
652 318 690.5108538971753
628 301 690.5442381934694
471 210 690.5990031203577
533 240 690.6439808483412
591 275 690.6682723925655
624 297 690.6899764398831
