id1	id3 	 s 	 delta* 	 gap real_cost gap_cycletime
0 0 651.0 0 0 0
497 255 651.0104041293924 651.0074410753247 4.551490322265539E-6 0.19080563781469817 3.231454819470636E-4
820 433 651.0477800329215 651.0200202829589 4.264039368653843E-5 0.19396110122857607 0.00302737101974241
699 368 651.08979437099 651.0951298117602 8.194564090387712E-6 0.12161490766432548 3.687439559828294E-4
772 409 651.1227085008452 651.1175831625724 7.871601697384096E-6 0.15015141219245326 4.565385684908299E-4
553 289 651.1702986677132 651.1442029422931 4.007672233302559E-5 0.1518871794369845 0.002204150461551148
407 201 651.2551850885183 651.2507923034069 6.7451512739241544E-6 0.12191974596997612 3.2375723130241286E-4
344 161 651.2772444213717 651.290126652174 1.9779557949775972E-5 0.061169064838260664 5.933688882506595E-4
264 123 651.3464773161093 651.2977825362965 7.476576938913393E-5 0.1567379464435093 0.0038129341021453556
366 176 651.6114895449105 651.6344890777299 3.529514352743669E-5 0.11316098657204673 0.0016941146686932772
573 302 651.6926978981643 651.6755048044249 2.638290623571195E-5 0.15933929829751944 0.0015301603545710542
534 275 651.7598407117772 651.7860937530863 4.027861527079156E-5 0.13746426951979349 0.0022152547894242944
642 336 651.7837316042084 651.8149474492861 4.78906554689132E-5 0.12042466001757811 0.0026339046580275776
854 449 651.8105345116724 651.8168159246593 9.6367765198354E-6 0.05807877123073059 2.794581317446436E-4
720 381 651.8347502498324 651.8287752426631 9.166528690017128E-6 0.08960334427936434 4.399799825953782E-4
422 211 651.9063100727327 651.8720408487605 5.257047675727937E-5 0.22658892766992306 0.003942657758004112
360 170 652.1658462309776 652.1605696617017 8.090905095111521E-6 0.18581337934424108 5.906172749003473E-4
358 169 652.3244576418123 652.2669815009856 8.811750779476282E-5 0.1792028300247883 0.005022538290840158
363 173 652.5695543930065 652.7238261755713 2.3635077559329548E-4 0.0899930121031031 0.009453743264089525
425 213 652.5913063480835 652.8532548836166 4.012364701769964E-4 0.19815800263531358 0.026079535472762125
365 175 652.6147387657705 652.9402322906369 4.985043175000593E-4 0.08667861779909383 0.02043805624435529
856 451 652.6508421889838 652.9673183462163 4.8467380884244894E-4 0.20708046400316069 0.03828800238036298
844 445 652.68370823207 652.9697338514045 4.380380965706443E-4 0.15839148546436793 0.024091337912981577
730 386 652.708889567136 652.9727899501967 4.0415218998758075E-4 0.2280853112756181 0.030310431178767062
910 469 652.7357193677211 652.9757917813981 3.6765898016228937E-4 0.16607256378876092 0.02095590071036691
852 448 652.7592994542676 652.995055391992 3.610378605130427E-4 0.18554329441382358 0.01877337050247953
864 455 652.7884698025414 653.0016437790395 3.2645243473568107E-4 0.18973378230460186 0.021218731731144087
802 426 652.8143797509455 653.0253426475215 3.2305468532157176E-4 0.18036757559418326 0.01841353209401041
808 429 652.8422742165525 653.03652654475 2.97460127116219E-4 0.19801765848464292 0.02141644428451139
783 417 652.8656137025831 653.0982371905907 3.56184529004748E-4 0.11835905405540306 0.015671635809612307
649 339 652.8932262275539 653.122245690758 3.5065328843888533E-4 0.1697921495818004 0.020687890423246993
653 342 652.916243340616 653.1354958581853 3.3569223990992885E-4 0.16174739256427 0.022154991340344484
545 283 652.9437236224638 653.139190573496 2.9927303988679517E-4 0.1253559312570761 0.014963189081871829
384 189 652.9723966655616 653.1509895610496 2.7343278712328457E-4 0.11736811986835173 0.01285094489715517
625 325 653.0008260610881 653.1562153438587 2.3790523479708597E-4 0.17604714464170107 0.015701248403922816
753 399 653.0313658495602 653.1701864734185 2.125336194658054E-4 0.11627228438548878 0.009988772415181158
749 396 653.0550609002579 653.1919942806115 2.0963726064103074E-4 0.1923953493120275 0.013835617688480515
620 322 653.0852299522721 653.1974506526299 1.718021101362467E-4 0.11855516629328937 0.007215465999918904
509 258 653.1133763633068 653.2029126676027 1.3707272665136478E-4 0.10324446943119238 0.005482741171445189
442 223 653.1472866545498 653.2146787993242 1.031699791227966E-4 0.17364223109968618 0.006912170074255317
566 296 653.1747303816375 653.2536536092388 1.2081559309351854E-4 0.1216455595373635 0.004953286251978158
695 365 653.1990871866135 653.269660088486 1.0803027629199659E-4 0.11314958881301954 0.004429105045187678
698 367 653.220975395443 653.2911404570939 1.074024386765381E-4 0.13710702704494496 0.0049403584126397745
450 228 653.2555193796795 653.2950527046117 6.051373689201517E-5 0.16853235287709334 0.002965079412135943
482 248 653.2922592707289 653.3131281861316 3.194320533657497E-5 0.16330034213521238 0.0019484741961212659
677 353 653.3196151650277 653.3311450139344 1.764778702906601E-5 0.19266667564168102 0.0010588334101970577
605 316 653.3434565707587 653.3389069186377 6.963693839170615E-6 0.1542984707485581 4.1084505946985944E-4
331 157 653.3726081387039 653.3905260151311 2.7422920464530987E-5 0.14326745472156519 0.0012339928985056262
778 412 653.4077191374555 653.4437855337635 5.519433669193247E-5 0.14679899444984584 0.0029252084481115386
648 338 653.433628075818 653.4482251516208 2.233853462445746E-5 0.09548478536202888 8.711762851052345E-4
901 465 653.4682072601156 653.5178353506981 7.593991762419357E-5 0.12217370312722955 0.0037209410865100584
544 282 653.4995763115386 653.5380093251979 5.880761808939659E-5 0.15909896462447093 0.003469540496674766
419 208 653.5255949357293 653.5520417779281 4.046631409326378E-5 0.13533522988175867 0.001901857649062585
381 187 653.5480565316475 653.5767724957768 4.3936635048514386E-5 0.14194380374578175 0.0024603749188076385
417 206 653.572184088716 653.6258955913167 8.217468579971968E-5 0.07753527493912604 0.003122543733295637
560 294 653.6087052449082 653.6266827835948 2.7504291302913096E-5 0.09609528697266392 0.0012101519331468278
496 254 653.6454771467163 653.6376388578975 1.1991795381436045E-5 0.121394082826393 6.115626989059773E-4
650 340 653.6765769350051 653.6566076449536 3.055012344080199E-5 0.1887253934995165 0.0022606372590087418
624 324 653.7081488432248 653.6620147506336 7.057790042880147E-5 0.13136613891190013 0.003740512786745792
702 370 653.7317788924606 653.6660772839996 1.0051249520861237E-4 0.12816828725253743 0.0045229222011097595
627 326 653.75440709644 653.6754483979919 1.2079189855090071E-4 0.14029968431674794 0.006401771318339768
804 428 653.7862170851909 653.7474373606929 5.9319122770959766E-5 0.141425819988807 0.0030251810153079815
634 331 653.8114964167772 653.7596470056709 7.930959236136846E-5 0.1963840859132434 0.005789415480560796
577 303 653.842644367728 653.7656876373699 1.1771301524898333E-4 0.1859438789592905 0.008357358646216444
829 438 653.8778174912926 653.7821791195967 1.462847638715549E-4 0.11769728319802547 0.006582611600356142
838 441 653.9068929857808 653.8236292260078 1.2734896086817333E-4 0.13335713101815916 0.006239905445128124
762 403 653.9301612040696 653.826548506413 1.5847123047121428E-4 0.15740304276843725 0.009666441923666972
855 450 653.9536435910204 653.8409308577449 1.723855573368292E-4 0.15689413332929983 0.00930852801251062
552 288 653.9835793161114 653.8957268926474 1.343523437314818E-4 0.13512637311792616 0.007657846000083779
385 190 654.0100006143822 653.9324467458484 1.1859614692570304E-4 0.18232328175581394 0.007827097423630684
688 361 654.0463806111709 653.9356508929875 1.6932815642056663E-4 0.12894062055794497 0.008296822807973557
734 388 654.0692896588312 653.9601065028646 1.6695690590427424E-4 0.14545658674798956 0.009349295147811734
571 300 654.0977000022439 654.0156420994938 1.2546779842552538E-4 0.16944319610659553 0.006775047272207927
584 307 654.1225553953813 654.0389213833971 1.2787314217821454E-4 0.18256630265069096 0.007800014108191668
826 436 654.1519058053093 654.0427824239761 1.6684440875382325E-4 0.1703052135838416 0.011011383813205287
885 461 654.1804744716878 654.0514177709156 1.973188915515135E-4 0.19388047715942242 0.012825318861561713
777 411 654.2096344345463 654.0521746121594 2.4074504832922747E-4 0.14949227328812204 0.013240563896021757
692 363 654.2343692245125 654.1039523170653 1.9938254001569856E-4 0.12282087491653068 0.00857318452869574
872 458 654.2598927445237 654.1045587593612 2.374757721564429E-4 0.17790016280875695 0.01448556343470387
803 427 654.2831316340936 654.1123091219617 2.6115165507457016E-4 0.12429579886447195 0.01279603598165403
454 230 654.3140691975741 654.1222729071496 2.932116797858801E-4 0.19134294329952645 0.016712532876190997
769 408 654.3463848554435 654.1254246248247 3.3779489727902835E-4 0.1801445318436285 0.0195914828279369
551 287 654.3841854758002 654.1819665070253 3.091173085290618E-4 0.16243955245147498 0.01978288641174478
336 160 654.4112849246377 654.2248455090212 2.8497758361876243E-4 0.21861407934335192 0.01994778755737932
259 120 654.436197601939 654.2273074618831 3.192929088611888E-4 0.1446411708053551 0.014367732640515735
512 260 654.464376292516 654.2278201443911 3.6158069229264776E-4 0.14286000169322105 0.01916317983321762
376 185 654.4889654457094 654.2712426178732 3.327715076777664E-4 0.24367222225242588 0.017303552646748273
530 272 654.5154473233737 654.2833425549377 3.5474656519548993E-4 0.14980898403381243 0.018800980407342682
708 375 654.5452000189075 654.3881217364418 2.4003840725117642E-4 0.11313350217943424 0.010801396665377171
709 376 654.5658889897296 654.4036242104817 2.479582527430467E-4 0.1570131375579612 0.015372930164418087
475 243 654.5982110716769 654.4221032525352 2.6910432619325805E-4 0.20349917635102077 0.02098946648407982
484 249 654.6250880184925 654.5039722363824 1.850497281113019E-4 0.11178439023058018 0.007956894149785976
742 393 654.6542456347476 654.5374408232602 1.7845398017325514E-4 0.1797949463683303 0.011420693151452258
508 257 654.6942172252642 654.5479640318251 2.234415222044054E-4 0.1980807062462119 0.015416972912653445
550 286 654.7312398208059 654.615754474453 1.7641699816041458E-4 0.1105414988475257 0.009173402939880443
646 337 654.7547632212473 654.6330565855127 1.8591581117131646E-4 0.12677192999116688 0.0091095933333139
595 311 654.7857754702708 654.6415267374281 2.2034766654904694E-4 0.17902495965339243 0.012339078505536913
849 446 654.8137577014684 654.6909902715199 1.8751965701794374E-4 0.1549175924261203 0.010313258298186597
433 218 654.8471118440218 654.7049376272299 2.1715769749217374E-4 0.14064798424403352 0.011509000158583898
682 358 654.8780730876582 654.8293213590873 7.444951986833521E-5 0.16179095949588218 0.0044668310049402905
716 379 654.9063917534935 654.8550242895521 7.84409709570066E-5 0.09817783276814382 0.003059104656680645
635 332 654.931673576005 654.8577380618203 1.129031694784292E-4 0.12304486987903722 0.004967586258557995
452 229 654.95828544482 654.9059708015704 7.988115177138699E-5 0.12229552248932513 0.00343478363640589
863 454 654.9916625544491 654.9760036703574 2.3907569138411167E-5 0.10960952236098796 0.0010758076663689735
841 442 655.0123158676837 655.0117994097403 7.88471205926578E-7 0.12355115740671563 3.9422345262208603E-5
357 168 655.2866577583213 655.2420617992505 6.806028133849929E-5 0.17494475538266702 0.003947371679583799
276 132 655.6457179201451 655.6401961446339 8.42196000739365E-6 0.10161635081016133 3.2002472298284983E-4
id1	id3 	 s 	 delta* 	 gap real_cost gap_cycletime
0 0 651.0 0 0 0
396 197 651.1548878264188 651.1748315867477 3.062735130647577E-5 0.17002380930257566 0.0015313189886472576
330 156 651.177692435574 651.179130257169 2.208027757948524E-6 0.1849963590364572 1.4572518422829332E-4
842 443 651.2176455760518 651.2004485587652 2.640817788857888E-5 0.18182473342494437 0.0016108475217957608
670 349 651.2490528759198 651.2648172852751 2.4205835993057992E-5 0.11367946400309845 9.924086376463814E-4
637 334 651.2713069717271 651.2916441076453 3.1225851125558575E-5 0.10199171346399327 0.001124096127835944
603 315 651.2967957641565 651.3056893517336 1.3655012880226996E-5 0.1999796194880955 8.192744376189315E-4
746 395 651.3250035995417 651.3201853920075 7.397602043126742E-6 0.09774628704893779 2.7370289118721063E-4
629 328 651.3487234346188 651.3308500854147 2.7441275354596705E-5 0.1507016145070591 0.0012073781634879214
549 285 651.374000038107 651.3739718784938 4.323109996612363E-8 0.18828572080978345 3.0260804122965338E-6
679 355 651.4081779178138 651.404765236352 5.238956857406236E-6 0.1237426016344114 2.5146213366969406E-4
816 432 651.4330247472479 651.4181504189784 2.2833763934891308E-5 0.13675249532935493 0.001187318693983763
476 244 651.4726731685214 651.4215966667795 7.840775007043366E-5 0.17964760548591374 0.005174746951606198
536 276 651.4952717742386 651.4466930236039 7.457056909643477E-5 0.22701986290637216 0.005741747311771837
858 452 651.5259830758295 651.4948805914656 4.7740182295202724E-5 0.16367606419958997 0.002768843131285887
768 407 651.5621496748988 651.5114957490399 7.774832246156063E-5 0.1655925330420915 0.004664751933399298
431 217 651.5938678917705 651.5990174955915 7.903025760825373E-6 0.12137256761033519 3.556251475447775E-4
468 240 651.6161921814877 651.6023198170303 2.128961797015321E-5 0.14254397858565093 0.001128314474393735
667 347 651.6443327453362 651.607578702561 5.640518001401539E-5 0.13115190315342354 0.0031585919238957547
822 434 651.7291047648308 651.6108559735044 1.814714875334197E-4 0.18384763466313955 0.008891819089143698
258 119 651.7693528779644 651.9102460088451 2.1612351047296658E-4 0.147930686271958 0.010589720042387268
373 183 651.7934129587721 651.9137457680981 1.8458394244196894E-4 0.15972550989803835 0.008859749858878302
598 313 651.821217512037 651.9183890329896 1.4905473229046392E-4 0.17314581476414703 0.008793950408374484
833 439 651.8493500250551 651.9722667702013 1.8853063452394224E-4 0.1203437129153235 0.007918041670407746
437 220 651.8814958672785 651.9868332166174 1.6156361443546714E-4 0.17168408098856738 0.009370392773846771
680 356 651.9166952974616 652.0152996358272 1.5123009907998106E-4 0.1998006321341113 0.011341894022795012
531 273 651.9490459308354 652.0329649932883 1.2870371125138144E-4 0.1521185515797857 0.00643498347747043
289 140 651.9770580279152 652.0752266068545 1.5054793516712043E-4 0.1201211300263369 0.006473361002198287
728 384 652.0124140164704 652.1482341759273 2.0826577814555354E-4 0.12785891529689813 0.011454262681996619
310 146 652.0488383850254 652.213422588745 2.5234715818369015E-4 0.15144111939928823 0.013373979776406668
780 414 652.0843726482798 652.2342732759009 2.298263580481012E-4 0.2175262238154353 0.01654696297085603
759 402 652.1102562833591 652.2517286921185 2.1689848035055242E-4 0.15449707947057262 0.012145933405375457
870 457 652.1379413376028 652.2523051911207 1.7533683301346542E-4 0.1313814680267725 0.008065243607387501
892 463 652.1588125927085 652.2534413397478 1.45079720614378E-4 0.07332151998101591 0.005222712154748459
524 269 652.1967541560983 652.2647448243798 1.042378402649801E-4 0.15637612225398068 0.005524431796519569
590 309 652.2231345368557 652.2763431679621 8.157375576116962E-5 0.1597924527755232 0.004486415272653703
537 277 652.245561080834 652.2809351920847 5.423140451019397E-5 0.20669492219456514 0.0039045355919235126
462 236 652.2695109391204 652.3133524195468 6.720923351299274E-5 0.16990576962337062 0.0038308050978900577
487 250 652.2955457438308 652.3141062933166 2.8453392785473977E-5 0.10886044844382572 0.0011665532346568559
712 377 652.3334555966295 652.3163915346503 2.6159180116693704E-5 0.1756087580338116 0.0015171843128183365
309 145 652.3677619161209 652.3439444019835 3.6510669473903195E-5 0.16134090690126457 0.002154061646627029
638 335 652.3987146954485 652.3827947719857 2.4402733472361275E-5 0.2340308302736358 0.0020741649285287104
613 319 652.422956789134 652.4129407958845 1.535222958213376E-5 0.1781759554928203 7.829388231826529E-4
490 251 652.4495910765975 652.4227092165294 4.120313362541136E-5 0.13926825293157072 0.0019776887236422395
681 357 652.4764953339451 652.4240743872645 8.034796497946365E-5 0.20183264655422684 0.0050617592755035625
332 158 652.5126311687482 652.4528617794552 9.160721455018092E-5 0.11929025215840106 0.004122197313251416
523 268 652.5417225996989 652.4567084893607 1.3029846920422803E-4 0.16603692131647532 0.00729648386585762
689 362 652.5756471086429 652.470533606609 1.6110076489254756E-4 0.09565984848870641 0.005638354509271066
694 364 652.5991557004638 652.475842831181 1.8899223724167614E-4 0.1442999184574257 0.009638302818584308
611 318 652.6265241849015 652.5079146548522 1.817748526652541E-4 0.17441513835593436 0.013269144533159073
464 238 652.6618770823775 652.5229270889693 2.1294269923681467E-4 0.16281374893298864 0.011498543179810118
382 188 652.6854315212711 652.5481451563694 2.1038503583331123E-4 0.09279307307513027 0.008415144850879946
581 305 652.7154731423584 652.6298447292634 1.3120517516412256E-4 0.14001222987986506 0.006560054160935472
652 341 652.7406305899992 652.6489401622555 1.4048966006280077E-4 0.19059256943226732 0.009693477356965562
588 308 652.7706961162124 652.6776384439148 1.42578306374158E-4 0.13127101186302104 0.00812671134708866
766 405 652.8080969604011 652.7381948131812 1.0709063415537373E-4 0.12238966751358052 0.004926016843106235
916 471 652.8390215249734 652.7388293508367 1.5349504216928572E-4 0.10108706607819208 0.005832633030503443
510 259 652.8737435429716 652.7632756317796 1.692311980711551E-4 0.09790822547537562 0.007107493155947513
800 424 652.9063256625129 652.8603648225998 7.039918853957805E-5 0.17456698330129908 0.00408302357081603
583 306 652.9380919449105 652.8920926966643 7.045459542354594E-5 0.18914292511520864 0.004508950343267429
400 198 652.9661807417508 652.899725226091 1.0178517939602695E-4 0.12756738410943189 0.004478409055412521
457 232 652.988305593378 652.9024683831544 1.314701879380204E-4 0.20915572681145495 0.009202617130243777
526 270 653.0178375302629 652.9044146296839 1.7372052943367606E-4 0.12715329868918296 0.007122320892747991
622 323 653.0477040451602 653.0034021951308 6.784321472220651E-5 0.1517094425961521 0.0033920543904164685
277 133 653.081404169821 653.0268053658173 8.360882517392491E-5 0.11422902512723397 0.003595068782140854
245 113 654.0373456738315 653.9771311112206 9.207441628513826E-5 0.1404238539705198 0.004051148128305961
369 179 654.0617125872265 654.0389964677709 3.4732056617841274E-5 0.1298129467621899 0.0016670870872796581
410 202 654.1396134848172 654.1138016912385 3.946070777293616E-5 0.13787621224890476 0.0019335145712552448
353 166 654.2689189088776 654.2600515852976 1.355320955107745E-5 0.11725110723615906 5.82770072363176E-4
228 105 654.2957977999977 654.2856651093848 1.548664620547566E-5 0.13916738806549442 7.278497309472441E-4
466 239 654.3275317765962 654.294302315914 5.078671870522627E-5 0.1328124578423609 0.00233611661534408
391 194 654.3526250357792 654.3356744205779 2.5905075733914793E-5 0.08411052938761687 9.584587788028262E-4
520 265 654.3969712285915 654.3963980682518 8.758610857772073E-7 0.15363087221979374 4.466751677130018E-5
320 150 654.4263176011708 654.4009491761053 3.876587449549575E-5 0.10816707422722699 0.0014342933952945552
154 80 654.4585985022064 654.4194827580067 5.9771668219459774E-5 0.0952426952185441 0.0023907939487165853
243 111 654.4844775937976 654.4416624025584 6.54224718547827E-5 0.06295099590402183 0.001897194827502218
283 135 654.5086273097749 654.5045819556119 6.180788147965537E-6 0.135594372862885 3.2139101275518815E-4
349 163 654.6070111706629 654.5808842707629 3.991393657801464E-5 0.09611077052749868 0.0013969452279636203
461 235 654.9095283063264 654.969062026973 9.089546987517001E-5 0.13149019006697615 0.005271774277878837
714 378 654.9411579960046 654.9765916923782 5.409917976161508E-5 0.15745997406384388 0.0028130691873638294
368 178 654.9794572428337 655.0383885777796 8.996623094693428E-5 0.11560932333190682 0.0039583925739262735
628 327 655.0094927602742 655.0849224315465 1.1514487464060625E-4 0.08943542522470842 0.004260231151111802
700 369 655.0323398381595 655.0854264102967 8.103763264602734E-5 0.17145100591171922 0.004537964320056585
721 382 655.0543305624859 655.09125189964 5.636060174374413E-5 0.1554575448062697 0.003043377247276068
329 155 655.0874560663501 655.0957634193708 1.2681127683215803E-5 0.15589685473503534 6.720787268122886E-4
559 293 655.1239501354174 655.1002605393774 3.6161786931006166E-5 0.2252008536945894 0.0031821347360899655
697 366 655.1628270662957 655.1491384524854 2.089388966087789E-5 0.14448005604824765 0.001128234926258531
421 210 655.192466422267 655.190624809182 2.810805001171882E-6 0.15983267267463958 1.63021580259543E-4
505 256 655.2188703043128 655.2189901501121 1.8290953269940065E-7 0.1642419885179077 1.0425515848579971E-5
801 425 655.2597089810276 655.2313916135387 4.321735474125235E-5 0.13659024968591638 0.0019015046039811806
707 374 655.2824240919726 655.2627919415729 2.9960728185952256E-5 0.07851920885132885 0.0011983930055478671
436 219 655.3156813146838 655.2940798784692 3.296449163498616E-5 0.172579899618419 0.002076697522600924
658 344 655.3434828074408 655.3085959683028 5.323726768206934E-5 0.13465883101233422 0.0025553096713301967
355 167 655.3734857600543 655.3457541349129 4.2316021682378535E-5 0.15408753436988096 0.0021580496164202837
568 297 655.4007730654267 655.3615306110537 5.9879093508050716E-5 0.11064895239063573 0.0026345994304767784
481 247 655.4259680688959 655.3874090687542 5.883390435669206E-5 0.1328515071814945 0.003118100467316138
823 435 655.4631776370214 655.4599453442412 4.931335321401162E-6 0.032024041875759246 9.369261070247328E-5
815 431 655.4890421508387 655.465885520449 3.532850587845403E-5 0.14525397876017843 0.001801697710012171
449 227 655.5213178830006 655.504923778988 2.5009886909979778E-5 0.13867205614460393 0.0013755011209934467
797 423 655.5715198950392 655.5592872926593 1.865979571487151E-5 0.19894655586488705 0.0013248032658910232
782 416 655.6019671367504 655.5775961634499 3.717481110265088E-5 0.14663723437363657 0.0019330299744214428
361 171 655.6373138287977 655.6297653235332 1.1513365719074473E-5 0.11945628360414198 5.295985420955598E-4
345 162 655.6628639211511 655.6323012859723 4.661551165021463E-5 0.13627668941009108 0.0022840892824473927
202 93 655.8666651640411 655.845385949131 3.244547475062022E-5 0.10259253690376699 0.001265334932610091
id1	id3 	 s 	 delta* 	 gap real_cost gap_cycletime
0 0 651.0 0 0 0
73 37 651.0157279534134 651.0434064129136 4.251400018422948E-5 0.08113758506359134 0.0014879447832777284
26 11 651.0847743988021 651.0485941273049 5.557230569814064E-5 0.1407287214002961 0.0025562460838635375
240 108 651.121534942074 651.0657915972979 8.561860490226099E-5 0.12941970715552625 0.0036814854424214827
250 116 651.1442525002094 651.0766283755418 1.0386507781176224E-4 0.0895300142686724 0.003946752524960011
14 7 651.1820016523934 651.1335368914398 7.443136961579532E-5 0.04175644119286746 0.0018607287965524996
50 25 651.2922415651328 651.2357831740909 8.669423962969808E-5 0.13459719020837127 0.0038144275742060052
72 36 651.3320216862478 651.3377969855248 8.86682655877838E-6 0.09740246500575037 3.4579564693061913E-4
32 15 651.3557345603826 651.3748490249451 2.9344799835397115E-5 0.10635659310096324 0.0012911314976884805
248 115 651.4404499994943 651.4354691216627 7.646003430416435E-6 0.1450983770107768 3.5935090151037436E-4
186 86 651.468035392736 651.4442266100596 3.65476915811984E-5 0.08350368050622677 0.0012791303055987456
284 136 651.49392188656 651.4539930940639 6.129180712584742E-5 0.09954530230270307 0.0022064374133016515
152 79 651.5216611350243 651.5295465976301 1.2103000772576206E-5 0.06266378903987951 3.509764588066924E-4
133 66 651.5682037446137 651.5442584431855 3.6751611449061326E-5 0.10559318355797104 0.0013965183034156676
206 95 651.6313050217761 651.6142487903098 2.6175350674079072E-5 0.14604740806998287 0.0011778538600676692
132 65 651.6603219779155 651.6686473736893 1.2775504556414755E-5 0.09716775893631782 4.854543155927274E-4
287 138 651.7034891698555 651.7176073133669 2.1662976959580173E-5 0.10145333069642136 8.881548233432019E-4
24 9 651.8221440500956 651.736803245679 1.3094366313465625E-4 0.24112441104725152 0.007725423031806067
59 29 651.8477915792779 651.8175164819809 4.64471980753505E-5 0.15297558804462144 0.0024151784122099134
263 122 651.8815935646804 651.8406397381477 6.282797364268624E-5 0.06170937358219174 0.0020104347221115517
217 101 651.9063128875782 651.8938660001007 1.9093426287114137E-5 0.14097438891486194 9.92827159505879E-4
268 126 651.9739299886106 651.9678958825403 9.25521963333162E-6 0.10502917473064195 3.701974173631536E-4
242 110 651.9960984933465 651.9916067278544 6.8892995641324395E-6 0.11937856732624706 3.237870717908465E-4
116 57 652.0919315091114 652.0644010902747 4.2220398461674414E-5 0.13366582609049157 0.0018576396938369411
209 98 652.1186777372845 652.1426947297517 3.682781799332194E-5 0.10790835379792484 0.0016940275772036129
210 99 652.1393111346216 652.2138253934023 1.142482049284435E-4 0.054101681024173606 0.0031988539811124636
35 18 652.2969452292408 652.2533701423845 6.680699380182513E-5 0.12159124894621634 0.0027390019788842285
12 5 652.4698356400194 652.4230032109266 7.178230819926067E-5 0.16732052303203004 0.003947902184521664
92 46 652.4988159017702 652.5266730905612 4.269126449510108E-5 0.06463196669476079 0.0014087693646033055
27 12 652.5676057118945 652.5428749800118 3.7899014503089536E-5 0.11919893018337856 0.0016675051304716774
9 3 652.5915767362341 652.5826126762729 1.3736283785429726E-5 0.08527636462571019 5.494346642867635E-4
323 152 652.7108696532526 652.6986425771541 1.8733110965604857E-5 0.14303188256112603 9.928238837197403E-4
351 164 652.7320903899218 652.7037410944254 4.343363414607325E-5 0.11176901351682111 0.0018675888038198188
241 109 652.7572286591446 652.7117534313384 6.967122557116319E-5 0.06903623608892723 0.002299081167775281
122 61 652.8236512084578 652.7212804605044 1.5683684754565195E-4 0.17712901328316388 0.007841593354391694
88 43 652.8505991574306 652.818329411436 4.943143373997143E-5 0.047819875253700184 0.0011863190356906754
325 154 652.8834526812777 652.881823251615 2.4957497739323937E-6 0.05245388629401415 6.239187973504098E-5
103 52 652.992345382179 652.9613176303327 4.751851451001482E-5 0.14963748566953644 0.002470885379192376
148 77 653.057703934263 653.0132094522967 6.813718516302643E-5 0.1627499099116358 0.0036792920711199192
64 31 653.0858616878389 653.0237466884854 9.511905144110551E-5 0.07054474525530599 0.0030437178950734455
28 13 653.1110391347754 653.0797209562504 4.7954602661894735E-5 0.20905482492436045 0.0022537936674311243
124 62 653.2531956879943 653.2512383189763 2.996349494910649E-6 0.12825504179393923 1.3782780551247915E-4
40 21 653.2802322667819 653.2610477991743 2.9367230255399083E-5 0.11696929927009521 0.0012627519782863546
227 104 653.3133793232536 653.2816031009373 4.864092631019538E-5 0.08506709710279581 0.0018969385746506957
220 102 653.4348257407231 653.4130204202244 3.337142024613964E-5 0.14488271708629022 0.0018020004488918844
285 137 653.5214505547461 653.5063941126358 2.3039471757242426E-5 0.13047970468910605 0.001128899117355226
36 19 653.5580693438402 653.5175540046187 6.199579333909698E-5 0.17127006721764326 0.0030376977879860664
135 68 653.5892804967727 653.5965124420508 1.1064846798219821E-5 0.10332237956119451 4.536448360961405E-4
173 83 653.6221227134886 653.672003588236 7.630872130603641E-5 0.06779417926492881 0.002365499219740702
54 27 653.7544202052769 653.7919120143041 5.7345171052479094E-5 0.10028247548428418 0.0022363933450778306
204 94 653.7859619155751 653.8182975530194 4.9456611363403765E-5 0.08785872924583091 0.001829839060122048
30 14 653.8200247145013 653.8490900455346 4.4452659605683455E-5 0.0928440416626773 0.0017780522764053092
134 67 653.8918249292507 653.9039175584337 1.8492975586049305E-5 0.1468249343059766 8.136654981572278E-4
155 81 653.9154680456674 653.9213329007891 8.968747197417847E-6 0.09799054556501491 3.497704690824602E-4
201 92 654.0360552492848 654.0642083563682 4.304333844252634E-5 0.07203357506737368 0.0012912612548525116
86 42 654.1311309492567 654.1266534442888 6.84501226837108E-6 0.12261409906133759 3.217056493774516E-4
199 91 654.158108543522 654.1697074695763 1.7730759957140113E-5 0.15765035971443078 0.0010638122456357916
120 60 654.1837075439913 654.1926673386212 1.3695956982054765E-5 0.12809716899325835 7.121677409484297E-4
57 28 654.209026912944 654.2589707707651 7.633652735756771E-5 0.08562303582358001 0.0030533685788026745
1 1 654.2901672802585 654.2797640276038 1.5900312414721104E-5 0.1369208468112793 7.631912844275409E-4
141 73 654.3244026634952 654.2831496779256 6.305066176609673E-5 0.09576729899669888 0.0022067059246773835
91 45 654.3475464683569 654.2937468524648 8.222547770158409E-5 0.08289900160636893 0.002877804609171741
76 39 654.4089699217333 654.3856582490569 3.562375241961893E-5 0.1179982506573879 0.0015317741956356737
160 82 654.5071294417986 654.4595153442351 7.275331238549106E-5 0.09635027953494249 0.0024735372461570575
137 70 654.5297367066407 654.6151187069765 1.3043084080377256E-4 0.06494966067982035 0.0036519540064436943
63 30 654.5574740391966 654.6357345043131 1.1954811048583932E-4 0.2436642987604546 0.005020856445826125
41 22 654.6453875925118 654.6904774583669 6.887203557642813E-5 0.08783096149948065 0.002548188048148153
139 71 654.6729842398985 654.6917693164247 2.8693008537196254E-5 0.10828840985950727 0.0012911458543026317
127 64 654.7950239778241 654.777141989822 2.731003704224787E-5 0.11310843050992903 0.0011196771462638837
97 49 654.817272655144 654.8224805176707 7.953090618545296E-6 0.11055385290209473 3.4992526258671486E-4
305 143 654.8507294413529 654.8559709289502 8.004031161096529E-6 0.11477941908425422 3.361589826345848E-4
244 112 654.8738240003379 654.8618343838455 1.8308620021671298E-5 0.1371372135312921 9.154025885788733E-4
267 125 654.9159539300174 654.9110693565137 7.458376766266453E-6 0.13188719160468626 3.654491479128917E-4
115 56 654.9469686058661 655.0254110340966 1.197547864694621E-4 0.10921555036697231 0.005149298140438803
207 96 654.9731597830765 655.0477098854006 1.1380866034498893E-4 0.1272234550771585 0.0058040624909611255
13 6 655.0094235799272 655.1631040936616 2.3456832775548594E-4 0.15566092954467967 0.013604537444849022
271 129 655.0493136533732 655.2070153090227 2.4068981553119795E-4 0.13057269884677125 0.012274801092073552
140 72 655.0783666649801 655.2590464476516 2.757379446358437E-4 0.150532911355773 0.01406219611785451
67 33 655.1047829548469 655.2682985890722 2.49539974049369E-4 0.07944915586275231 0.008733635583979592
389 192 655.1407373775601 655.329997986464 2.8880199210394423E-4 0.06765531490580846 0.010107766646097787
232 106 655.1696929346432 655.3852284096038 3.288683748390331E-4 0.1493892438723486 0.018087196572888875
74 38 655.2007878048984 655.4069205574805 3.1451110160199907E-4 0.0832469413115559 0.010693054238868472
446 225 655.2380385746732 655.4239860139909 2.8370557575801915E-4 0.11659720565345713 0.011915268152280866
441 222 655.2641301751371 655.4664285233632 3.0863266129717857E-4 0.169431026315523 0.019134622957836633
269 127 655.3000234375563 655.491857822275 2.926571587876902E-4 0.08078052371326958 0.010535339768172903
390 193 655.3283353413776 655.5022512561036 2.6531703650552126E-4 0.0736543467656468 0.009551126133887606
101 50 655.3625519663942 655.51841281608 2.3776731002284355E-4 0.05586898536729419 0.006419525977826498
25 10 655.3901986214117 655.531274470265 2.1520841849572653E-4 0.12197849289323391 0.009468878851568333
558 292 655.4362484415218 655.5486573774153 1.7147306249278788E-4 0.1027501066014912 0.007716052547729012
430 216 655.4621338027682 655.5585249077049 1.4703661271157995E-4 0.14629338588015053 0.006616441395492198
322 151 655.4857699715178 655.5874424626379 1.550860869728945E-4 0.13977404180260683 0.0074439010336115035
104 53 655.5191922327422 655.5953663602564 1.1619076555889739E-4 0.10895482715865311 0.004531301191391721
23 8 655.5464281930077 655.6017948661103 8.445168017551443E-5 0.1777505556972595 0.007600412347953298
53 26 655.5725250655338 655.6114877743471 5.942957001191468E-5 0.1352567999189517 0.002852530987968574
542 280 655.6155212381499 655.6130366726209 3.789682922759053E-6 0.12231454680461291 1.7053048087730267E-4
741 392 655.6438105374447 655.6273610564649 2.5089680444776557E-5 0.14122687221786237 0.0013046228634663501
843 444 655.679361773024 655.6397064378863 6.048342519269308E-5 0.18788754851896827 0.004052260952077243
380 186 655.7208039510954 655.6593178477993 9.377751771737412E-5 0.20285232770514083 0.006564216602936699
738 390 655.7532025955934 655.6817269585472 1.0900965225575712E-4 0.18440813312355542 0.00686739052902408
474 242 655.7824000072892 655.7023076548979 1.2214743101592818E-4 0.1503166489013728 0.006962186509022355
663 345 655.8154098467945 655.7073458587109 1.6480521190755616E-4 0.1704482374355623 0.009393601301925755
739 391 655.8486936641291 655.7345328917654 1.740960200162563E-4 0.15449231848163764 0.008530438257262
580 304 655.8777885601775 655.7740272213988 1.5822727718924501E-4 0.11157193185762329 0.006645342123996168
827 437 655.9050457130779 655.7796051824317 1.9128458655143945E-4 0.1852733418021628 0.01319821857290199
727 383 655.9306128581916 655.7907069608774 2.133392495946508E-4 0.14982702768835576 0.011733292972948813
791 421 655.9648091166035 655.7966803117894 2.5637336976793644E-4 0.061459851927488374 0.008716434219331822
755 400 655.9927588196894 655.8022113441559 2.9055631749530444E-4 0.17091774336603988 0.017432830289877993
617 320 656.0177395514252 655.8333318735034 2.8118070393730565E-4 0.1441318140122907 0.015745630067065114
444 224 656.0493623623652 655.8483787820863 3.0644823831394954E-4 0.13487099487696552 0.0171605704958585
835 440 656.0824831579253 655.8542065214281 3.4806003259159796E-4 0.20224791792434346 0.02192708155913261
684 359 656.1136154107305 655.8647788284571 3.7940226446962137E-4 0.08290100991686364 0.01289928742975099
id1	id3 	 s 	 delta* 	 gap real_cost gap_cycletime
0 0 651.0 0 0 0
737 389 656.3504962774563 657.2053773406328 0.0013007822100236104 0.1834098826476175 0.0845481737397379
402 200 656.3823792118097 657.251371467248 0.001322161190015155 0.16449463004194145 0.07932718795581041
142 74 656.4224970393517 657.2606489103972 0.0012752199183611469 0.07911433102204012 0.04208099152100579
324 153 656.4532035720503 657.3091103027832 0.0013021373313062538 0.10688004595749967 0.05208390539528328
731 387 656.4978705088962 657.3226771151301 0.0012547971262056843 0.16571297211964553 0.077794985776704
704 371 656.5226662161296 657.3530579611102 0.001263235539751196 0.1505230715376682 0.07452857972080808
514 261 656.5572264990659 657.3574796644369 0.0012173789606524893 0.2251203767130808 0.10712591063384004
362 172 656.5842799181631 657.3575707219367 0.0011763625129079672 0.15998261020442603 0.06116893834222786
480 246 656.6084546730417 657.3628022723896 0.0011475361805386663 0.12160894869620087 0.05508004645625591
333 159 656.6341192255819 657.3816824224451 0.001137182883022308 0.13723240341378884 0.05799453407567524
676 352 656.6654277105615 657.401019484575 0.0011189392048558998 0.1854782239478152 0.0738476540689925
265 124 656.7020631534918 657.4224157077047 0.0010957225324259154 0.10978555817876429 0.05149738812450961
95 48 656.7322450209651 657.4246709399567 0.0010532399369825945 0.14559130901396627 0.053713569363642494
5 2 656.7629374035089 657.4373916106172 0.0010258835528900747 0.12204611936368583 0.04616334267570501
208 97 656.7998119039946 657.4418529781819 9.765746906420715E-4 0.11589670850770656 0.04589760606493536
270 128 656.8268760480613 657.4493018167485 9.467281613460398E-4 0.06777860501669355 0.034081195232529726
371 181 656.853723404764 657.4689930843036 9.358155076687737E-4 0.09669332598130098 0.03462412360658482
460 234 656.8836513619731 657.472587948971 8.95758390224452E-4 0.10821102365442894 0.038516436355860426
570 299 656.9074664676671 657.4858457620873 8.796832633709283E-4 0.1688193198048604 0.05805727594815169
668 348 656.9382511478208 657.4969563488506 8.497456841966243E-4 0.15987234560978605 0.05013342968832311
781 415 656.9634378067826 657.5411496900424 8.785942652138314E-4 0.16985538912051396 0.04656403379010445
448 226 656.9968361609634 657.5573396364363 8.524024319806769E-4 0.15322819123356352 0.04688067388590865
477 245 657.0316227555893 657.5615740084403 8.059340353793087E-4 0.18701685407090005 0.049160420874287146
401 199 657.0548822661111 657.6115555303896 8.465077287602353E-4 0.16145493713836384 0.04824943241599676
557 291 657.0813944926483 657.6153607076938 8.11973452795887E-4 0.13697908759024569 0.03328988186051626
411 203 657.1123923834498 657.6208949840105 7.732458083971158E-4 0.06464992047625093 0.023196681882843975
492 252 657.1572186017189 657.6225254600747 7.075591853096461E-4 0.17290944837303196 0.03891453171813951
636 333 657.183851658212 657.66109563136 7.256685492241991E-4 0.1531501927178443 0.034105359062799934
673 351 657.2104202797183 657.6871325496959 7.248313770858058E-4 0.1050809602554311 0.03189161011655702
903 466 657.2410408043166 657.7119306068982 7.159514381122751E-4 0.13549344653595558 0.037944254960926474
878 459 657.2697680004484 657.7422179030691 7.182903723694814E-4 0.21439914790321268 0.05315178705530173
427 214 657.3057523828019 657.7559607673609 6.844611245085128E-4 0.11705844863342452 0.02874648708188934
273 130 657.3346872461364 657.7805857738377 6.778833813965736E-4 0.11666126259582044 0.027792367826986464
763 404 657.3701403376616 657.7983709894562 6.510059475374662E-4 0.08826248640745599 0.02603945208707917
665 346 657.4021420050232 657.7995166916102 6.040969573610939E-4 0.16495791877250865 0.037452839714843394
784 418 657.4321394800384 657.8232511523014 5.945543450735908E-4 0.1900711726495221 0.039833880472669725
750 397 657.4613196075028 657.8396917013196 5.751737065883401E-4 0.15288295864655138 0.028757789823354862
898 464 657.4925443045782 657.8497377159074 5.429711237240064E-4 0.1882246383374401 0.036377915087723235
456 231 657.5264640698622 657.8504237428225 4.924518724441244E-4 0.21356047945520223 0.038902454933121305
416 205 657.549168350371 657.8532890782509 4.6229263109103604E-4 0.14705570220114306 0.024963027318019106
118 58 657.5889632466678 657.8642925461822 4.1851990240839585E-4 0.10902219320180621 0.016321778421420137
743 394 657.6344763945449 657.9001724214996 4.038546242917201E-4 0.1661688304947942 0.023826676832126612
519 264 657.6622237775885 657.9095070618009 3.7586215362174887E-4 0.17399415041889527 0.022175170113510948
214 100 657.6957892146959 657.9814065452321 4.3408115745372384E-4 0.12107099494497853 0.01866491738879853
225 103 657.7178508820116 657.8444818104284 1.9249371533577967E-4 0.12910480363555832 0.009624389579846772
102 51 657.7463934768012 657.8413365304577 1.4432515621051647E-4 0.11393307911359074 0.00577282976540404
191 88 657.7719969933105 657.7392155786837 4.9839531915349964E-5 0.07371037191577585 0.001794169383349487
185 85 657.792549866881 657.7117419349864 1.2286223088681092E-4 0.1233638970978247 0.006020064523389034
113 54 657.8170758292504 657.6421008717667 2.6606410576770497E-4 0.11381060844387686 0.011706462815085585
119 59 657.8402160656686 657.5204052532489 4.8638918254798275E-4 0.1658490119914552 0.022373200670915482
49 24 657.8689418469279 657.5265909746427 5.206646803101537E-4 0.10123200513701144 0.02082595429729664
562 295 657.9147688845901 657.4480324047357 7.099214794927627E-4 0.13007975525594637 0.03620488020001085
418 207 657.9409782826064 657.4389744848238 7.635747457411163E-4 0.10489141972718245 0.03130561138171686
633 330 657.9719808723409 657.3799039684671 9.006617030722373E-4 0.2150681728415965 0.06754746518114621
717 380 658.0 657.3014249086909 0.0010627926014402137 0.17648164833975571 0.0605772699912336
id1	id3 	 s 	 delta* 	 gap real_cost gap_cycletime
0 0 651.0 0 0 0
685 360 654.6824212518122 655.8923267028376 0.001844670842709177 0.14946569796835896 0.08854143962049756
372 182 654.736782812755 655.9256479374519 0.0018124998289597084 0.12345936719215522 0.07793509258232842
306 144 654.7604562025313 655.9422674305223 0.0018017000682399413 0.08012516651141319 0.05765266353032386
788 420 654.8049015742067 655.9484058712022 0.0017432839027587074 0.1582044049040109 0.10285053397466132
546 284 654.8329496145926 655.9678186983556 0.0017300682311136822 0.09609087129051945 0.06401057930840916
288 139 654.8781310340725 655.9806173536979 0.0016806690479255094 0.12249021065501695 0.08235025037779087
352 165 654.9028450278325 656.0208408114623 0.0017042077234114912 0.24314774293149777 0.09372837046496657
678 354 654.9416219952567 655.9787749760978 0.001581077041523079 0.15140237949201757 0.07747035758333606
89 44 654.9873386721217 656.0201902901481 0.0015744204725917893 0.056187193789601526 0.04093371254435719
65 32 655.0103604897608 656.010325371964 0.0015243127181514117 0.09002719205513203 0.056397862036516075
438 221 655.0502155628681 656.0503707867985 0.0015245098066645553 0.13333214731406207 0.083845448545142
495 253 655.0730150015468 656.0700459854384 0.001519702034855163 0.17593452291208211 0.08054166563616352
315 148 655.1005156142533 656.0830246048423 0.0014975375886014078 0.10988594983930307 0.06588963918990456
146 75 655.1304379058635 656.1152455553337 0.001500967484205728 0.1040874207249975 0.05253225912049555
914 470 655.1809967877286 656.1414566190005 0.0014637999498170902 0.10073312472204099 0.0585502154087602
516 263 655.215480453561 656.1452484075177 0.00141701544926715 0.18571453372433933 0.09352005890259012
312 147 655.2422404384174 656.1286698804653 0.0013509994041402905 0.1817591506567874 0.08916314317692393
68 34 655.2808458317799 656.1598070959518 0.0013395536493801365 0.06033283993340984 0.04018541008783949
393 196 655.3167883263366 656.1919425995039 0.0013336864053838347 0.0855111365134841 0.04801125973319131
429 215 655.3415304923338 656.2541490404077 0.0013906480430002713 0.14973978055319642 0.06396781569560006
317 149 655.3662026040929 656.3004092635499 0.0014234436643202758 0.06919518639966568 0.04412543093100332
729 385 655.406623732545 656.3023150819511 0.0013647542128420644 0.1233292793813269 0.06823561210332378
632 329 655.4297865472428 656.3073538337052 0.001337128528784954 0.23242023293009073 0.11498934320010278
420 209 655.4638509262232 656.326060959656 0.0013136916004403518 0.09694089368542677 0.05780067527592267
656 343 655.4925765384362 656.3356427396925 0.0012845046746770576 0.17989218850521949 0.07449891734044538
787 419 655.5179663094267 656.3316745617701 0.0012397820856150617 0.11126848689891466 0.06198720958208044
255 118 655.5620427136353 656.3561515844742 0.001209874957249869 0.12079498783373332 0.05565253798777175
767 406 655.618977953077 656.3591884987624 0.0011277522409313871 0.1791763561927558 0.0665352810385887
543 281 655.6469531734642 656.3790903498227 0.0011154181891569602 0.17147119863619853 0.06580760281597123
606 317 655.6855645297339 656.3945597727562 0.0010801357696622908 0.12639853192153921 0.05832553613403549
672 350 655.7091402489565 656.4125401664368 0.0010715820835810546 0.11545611492807455 0.05143436429001784
569 298 655.733017614021 656.4193062729179 0.0010455034645362878 0.13197074229386704 0.05540997296634282
865 456 655.7691458007561 656.4630885369337 0.0010570933054655518 0.22031771940084635 0.07822239028322593
706 373 655.7947836636018 656.466119508316 0.0010226511692895028 0.11646416700526986 0.04499527180006179
533 274 655.8271792920068 656.493681098737 0.001015244816393001 0.2422076701188364 0.07817131305638754
114 55 655.8737671958053 656.4598597701919 8.928079389222464E-4 0.190291569510789 0.045531758161490674
541 279 655.9157805312667 656.4482883121582 8.111953224231079E-4 0.1622944311295566 0.047859025206439025
33 16 655.9605304208726 656.4288933216982 7.13501348875041E-4 0.07066024675383717 0.021404398446259052
880 460 656.0154893973611 656.4193275626748 6.152137031265708E-4 0.20598210856191193 0.04183319501629766
758 401 656.0402801258715 656.4182668089401 5.758320604118546E-4 0.10429333366843768 0.024184209325052455
618 321 656.0650928584886 656.4532673134507 5.913207752788965E-4 0.23060473003990026 0.05085194705490386
529 271 656.0892965613277 656.405490005158 4.817044473953821E-4 0.15606874028277065 0.022639401201956143
304 142 656.1329918446047 656.3859777826657 3.8542252062665687E-4 0.12478912086153443 0.01657265798849428
190 87 656.1608361496876 656.4480441801502 4.375182971582755E-4 0.12971446466608522 0.021875240030578176
370 180 656.1896165373986 656.4910278841744 4.5912485315638825E-4 0.15209040450655403 0.022496416043642
93 47 656.2250363976814 656.557070888704 5.057206840726467E-4 0.07681878335170222 0.01769969168452312
367 177 656.2605193501964 656.5614713754306 4.5837600644421845E-4 0.12966940620328452 0.021084645713403485
392 195 656.2832343552155 656.5992878610112 4.813491449637542E-4 0.16745806366941435 0.0216600306270397
364 174 656.3092695995028 656.6317637883811 4.911340063991E-4 0.15520927669310827 0.02897600231769435
752 398 656.3483108818389 656.6332230951123 4.3389856506260256E-4 0.16430346155016406 0.02516532798112168
773 410 656.3713489604008 656.6037162657325 3.538927660251148E-4 0.19010369365358973 0.0212328921315821
278 134 656.4162899089574 656.6063415903627 2.894453942448535E-4 0.09589943455048015 0.012156337675543544
274 131 656.4457463762022 656.6403271170456 2.9632773499858054E-4 0.09122683363434972 0.010371156580761568
197 90 656.4795820150085 656.6454773561242 2.52640651365756E-4 0.14949671388970212 0.013894803322082039
463 237 656.5124179144051 656.6509385209741 2.1095013871608273E-4 0.17543742023919096 0.012445666002588479
375 184 656.5400829163135 656.6961375015323 2.3763591150781759E-4 0.060275243754456566 0.00689123590636581
412 204 656.5692745194178 656.7162492218058 2.238024452145669E-4 0.2374576643588876 0.012532530025681844
918 472 656.6117518069037 656.7932037258956 2.7626948324458865E-4 0.0925470072257726 0.010497922318313877
850 447 656.6392791871934 656.8886388328684 3.7960718291312986E-4 0.16803666292980562 0.021257334825877886
85 41 656.6927124691329 656.9058756668437 3.244958000938376E-4 0.0692675350729382 0.01005906853991512
70 35 656.7163827379642 656.9115247062083 2.9705974230150587E-4 0.08051659620513804 0.009802676259236023
136 69 656.7429075940123 657.0937018203839 5.338572343636308E-4 0.10621029152894623 0.022421320404533547
238 107 656.7714039292716 657.1076490248373 5.117047352358204E-4 0.0844074253118562 0.019444193587327373
126 63 656.7998112811068 657.1383520691927 5.151742962800518E-4 0.16071814121663897 0.024727592278866305
262 121 656.8287404773844 657.1530938208726 4.935734862060647E-4 0.11337359592380439 0.022703686153401095
246 114 656.849430028694 657.1856002081661 5.115300447326029E-4 0.1217673608963622 0.023529659579613622
34 17 656.8849253043271 657.1906633076961 4.6521963935124995E-4 0.147373389645197 0.023260258902652386
252 117 656.9205430511406 657.1524219333705 3.528540327793719E-4 0.0641374136655605 0.010585304893630984
705 372 656.9708339287414 657.1074546044715 2.0791222922946366E-4 0.20814795413094156 0.014761296746235667
472 241 657.0036493866417 657.0976024420979 1.4298188748078247E-4 0.12408502351004527 0.006862919641804036
539 278 657.031795862892 657.0627600357885 4.7125137475281423E-5 0.10171518744947838 0.0017907007423582201
779 413 657.0655017976729 657.0624393889212 4.660757590329917E-6 0.1775184028197359 2.9361847670994023E-4
795 422 657.0951607730989 657.0527425712934 6.455829046463634E-5 0.1497095673389037 0.003873376997210073
597 312 657.126830169906 657.035177050109 1.3949499661265727E-4 0.12480086687351995 0.005579628149957875
84 40 657.1769861031765 657.0166515682693 2.4403420297580144E-4 0.11432277117259478 0.010981203093257402
515 262 657.2205687037779 656.9915707109456 3.485554503911141E-4 0.23496959972750708 0.028232079192831442
522 267 657.246564579589 656.984921550611 3.982481490753039E-4 0.13322035616701478 0.020310028540251
150 78 657.2848593111563 656.9789113108164 4.6568922544170326E-4 0.07584756785759539 0.015832958043946032
591 310 657.3266452982114 656.9600940573247 5.579505425099603E-4 0.10466559889016834 0.021759408100044925
861 453 657.3658486086798 656.9068641608924 6.987055134120399E-4 0.18587636509462974 0.041921003795282574
458 233 657.4070203957915 656.7705434057088 9.691009995396262E-4 0.19073028424764762 0.05911328523055752
521 266 657.4323975895163 656.7675852713198 0.0010122489798607202 0.19816353926475144 0.06275743846115525
10 4 657.482324418048 656.7489870593888 0.0011166174186926108 0.1929269044347387 0.06252858805057832
908 468 657.5450360546251 656.7008542793346 0.0012854890773926517 0.16250002633825228 0.07198513389115807
810 430 657.5686404085052 656.6795171602824 0.0013539682980636166 0.11962344398456601 0.05957277621913891
600 314 657.5954611570089 656.6782198710405 0.0013967895663549788 0.14776990667187204 0.07542429090406183
147 76 657.6407410793174 656.6983335313903 0.001435069193581386 0.07430219257237364 0.047355861246476214
37 20 657.66913644366 656.711091382521 0.001458853175636414 0.09679188745004699 0.05251711941595572
194 89 657.7000651639626 656.7715514987591 0.0014137543915910954 0.12862813885917143 0.06078956426681446
182 84 657.7257127129675 656.8665326609347 0.0013079979102486785 0.13505386244799045 0.0640899163803727
423 212 657.7603410630352 656.8522966057801 0.0013824180290566144 0.18082456369304992 0.09400146098704035
293 141 657.7861144719593 656.9259611331216 0.0013093611605088816 0.05307859104133797 0.03666102351375429
572 301 657.8143019133616 656.9645261747648 0.0012934880115136507 0.17218997853217927 0.082780631567916
906 467 657.8484516688981 657.093906447936 0.0011483065259894807 0.09893385903944428 0.04937568131700671
888 462 657.874984580726 657.1371520737242 0.0011227983453278394 0.14907641734922208 0.06287475246452369
554 290 657.9149304184612 657.1381456648486 0.0011820722305302502 0.17321271451103118 0.06382989173372958
47 23 657.9609555989299 657.1742051094151 0.0011971718965807965 0.12447390105337493 0.05506821411451468
387 191 658.0 657.1890665262559 0.0012339424300383721 0.1512774010497908 0.07403424287222415
Routing_cost: 65.36888194953498
Numero de crew disponibles:0.0
*********************************************************************
*********************************************************************
0 0 651.0
497 255 651.0104041293924
820 433 651.0477800329215
699 368 651.08979437099
772 409 651.1227085008452
553 289 651.1702986677132
407 201 651.2551850885183
344 161 651.2772444213717
264 123 651.3464773161093
366 176 651.6114895449105
573 302 651.6926978981643
534 275 651.7598407117772
642 336 651.7837316042084
854 449 651.8105345116724
720 381 651.8347502498324
422 211 651.9063100727327
360 170 652.1658462309776
358 169 652.3244576418123
363 173 652.5695543930065
425 213 652.5913063480835
365 175 652.6147387657705
856 451 652.6508421889838
844 445 652.68370823207
730 386 652.708889567136
910 469 652.7357193677211
852 448 652.7592994542676
864 455 652.7884698025414
802 426 652.8143797509455
808 429 652.8422742165525
783 417 652.8656137025831
649 339 652.8932262275539
653 342 652.916243340616
545 283 652.9437236224638
384 189 652.9723966655616
625 325 653.0008260610881
753 399 653.0313658495602
749 396 653.0550609002579
620 322 653.0852299522721
509 258 653.1133763633068
442 223 653.1472866545498
566 296 653.1747303816375
695 365 653.1990871866135
698 367 653.220975395443
450 228 653.2555193796795
482 248 653.2922592707289
677 353 653.3196151650277
605 316 653.3434565707587
331 157 653.3726081387039
778 412 653.4077191374555
648 338 653.433628075818
901 465 653.4682072601156
544 282 653.4995763115386
419 208 653.5255949357293
381 187 653.5480565316475
417 206 653.572184088716
560 294 653.6087052449082
496 254 653.6454771467163
650 340 653.6765769350051
624 324 653.7081488432248
702 370 653.7317788924606
627 326 653.75440709644
804 428 653.7862170851909
634 331 653.8114964167772
577 303 653.842644367728
829 438 653.8778174912926
838 441 653.9068929857808
762 403 653.9301612040696
855 450 653.9536435910204
552 288 653.9835793161114
385 190 654.0100006143822
688 361 654.0463806111709
734 388 654.0692896588312
571 300 654.0977000022439
584 307 654.1225553953813
826 436 654.1519058053093
885 461 654.1804744716878
777 411 654.2096344345463
692 363 654.2343692245125
872 458 654.2598927445237
803 427 654.2831316340936
454 230 654.3140691975741
769 408 654.3463848554435
551 287 654.3841854758002
336 160 654.4112849246377
259 120 654.436197601939
512 260 654.464376292516
376 185 654.4889654457094
530 272 654.5154473233737
708 375 654.5452000189075
709 376 654.5658889897296
475 243 654.5982110716769
484 249 654.6250880184925
742 393 654.6542456347476
508 257 654.6942172252642
550 286 654.7312398208059
646 337 654.7547632212473
595 311 654.7857754702708
849 446 654.8137577014684
433 218 654.8471118440218
682 358 654.8780730876582
716 379 654.9063917534935
635 332 654.931673576005
452 229 654.95828544482
863 454 654.9916625544491
841 442 655.0123158676837
357 168 655.2866577583213
276 132 655.6457179201451
0 0 651.0
396 197 651.1548878264188
330 156 651.177692435574
842 443 651.2176455760518
670 349 651.2490528759198
637 334 651.2713069717271
603 315 651.2967957641565
746 395 651.3250035995417
629 328 651.3487234346188
549 285 651.374000038107
679 355 651.4081779178138
816 432 651.4330247472479
476 244 651.4726731685214
536 276 651.4952717742386
858 452 651.5259830758295
768 407 651.5621496748988
431 217 651.5938678917705
468 240 651.6161921814877
667 347 651.6443327453362
822 434 651.7291047648308
258 119 651.7693528779644
373 183 651.7934129587721
598 313 651.821217512037
833 439 651.8493500250551
437 220 651.8814958672785
680 356 651.9166952974616
531 273 651.9490459308354
289 140 651.9770580279152
728 384 652.0124140164704
310 146 652.0488383850254
780 414 652.0843726482798
759 402 652.1102562833591
870 457 652.1379413376028
892 463 652.1588125927085
524 269 652.1967541560983
590 309 652.2231345368557
537 277 652.245561080834
462 236 652.2695109391204
487 250 652.2955457438308
712 377 652.3334555966295
309 145 652.3677619161209
638 335 652.3987146954485
613 319 652.422956789134
490 251 652.4495910765975
681 357 652.4764953339451
332 158 652.5126311687482
523 268 652.5417225996989
689 362 652.5756471086429
694 364 652.5991557004638
611 318 652.6265241849015
464 238 652.6618770823775
382 188 652.6854315212711
581 305 652.7154731423584
652 341 652.7406305899992
588 308 652.7706961162124
766 405 652.8080969604011
916 471 652.8390215249734
510 259 652.8737435429716
800 424 652.9063256625129
583 306 652.9380919449105
400 198 652.9661807417508
457 232 652.988305593378
526 270 653.0178375302629
622 323 653.0477040451602
277 133 653.081404169821
245 113 654.0373456738315
369 179 654.0617125872265
410 202 654.1396134848172
353 166 654.2689189088776
228 105 654.2957977999977
466 239 654.3275317765962
391 194 654.3526250357792
520 265 654.3969712285915
320 150 654.4263176011708
154 80 654.4585985022064
243 111 654.4844775937976
283 135 654.5086273097749
349 163 654.6070111706629
461 235 654.9095283063264
714 378 654.9411579960046
368 178 654.9794572428337
628 327 655.0094927602742
700 369 655.0323398381595
721 382 655.0543305624859
329 155 655.0874560663501
559 293 655.1239501354174
697 366 655.1628270662957
421 210 655.192466422267
505 256 655.2188703043128
801 425 655.2597089810276
707 374 655.2824240919726
436 219 655.3156813146838
658 344 655.3434828074408
355 167 655.3734857600543
568 297 655.4007730654267
481 247 655.4259680688959
823 435 655.4631776370214
815 431 655.4890421508387
449 227 655.5213178830006
797 423 655.5715198950392
782 416 655.6019671367504
361 171 655.6373138287977
345 162 655.6628639211511
202 93 655.8666651640411
0 0 651.0
73 37 651.0157279534134
26 11 651.0847743988021
240 108 651.121534942074
250 116 651.1442525002094
14 7 651.1820016523934
50 25 651.2922415651328
72 36 651.3320216862478
32 15 651.3557345603826
248 115 651.4404499994943
186 86 651.468035392736
284 136 651.49392188656
152 79 651.5216611350243
133 66 651.5682037446137
206 95 651.6313050217761
132 65 651.6603219779155
287 138 651.7034891698555
24 9 651.8221440500956
59 29 651.8477915792779
263 122 651.8815935646804
217 101 651.9063128875782
268 126 651.9739299886106
242 110 651.9960984933465
116 57 652.0919315091114
209 98 652.1186777372845
210 99 652.1393111346216
35 18 652.2969452292408
12 5 652.4698356400194
92 46 652.4988159017702
27 12 652.5676057118945
9 3 652.5915767362341
323 152 652.7108696532526
351 164 652.7320903899218
241 109 652.7572286591446
122 61 652.8236512084578
88 43 652.8505991574306
325 154 652.8834526812777
103 52 652.992345382179
148 77 653.057703934263
64 31 653.0858616878389
28 13 653.1110391347754
124 62 653.2531956879943
40 21 653.2802322667819
227 104 653.3133793232536
220 102 653.4348257407231
285 137 653.5214505547461
36 19 653.5580693438402
135 68 653.5892804967727
173 83 653.6221227134886
54 27 653.7544202052769
204 94 653.7859619155751
30 14 653.8200247145013
134 67 653.8918249292507
155 81 653.9154680456674
201 92 654.0360552492848
86 42 654.1311309492567
199 91 654.158108543522
120 60 654.1837075439913
57 28 654.209026912944
1 1 654.2901672802585
141 73 654.3244026634952
91 45 654.3475464683569
76 39 654.4089699217333
160 82 654.5071294417986
137 70 654.5297367066407
63 30 654.5574740391966
41 22 654.6453875925118
139 71 654.6729842398985
127 64 654.7950239778241
97 49 654.817272655144
305 143 654.8507294413529
244 112 654.8738240003379
267 125 654.9159539300174
115 56 654.9469686058661
207 96 654.9731597830765
13 6 655.0094235799272
271 129 655.0493136533732
140 72 655.0783666649801
67 33 655.1047829548469
389 192 655.1407373775601
232 106 655.1696929346432
74 38 655.2007878048984
446 225 655.2380385746732
441 222 655.2641301751371
269 127 655.3000234375563
390 193 655.3283353413776
101 50 655.3625519663942
25 10 655.3901986214117
558 292 655.4362484415218
430 216 655.4621338027682
322 151 655.4857699715178
104 53 655.5191922327422
23 8 655.5464281930077
53 26 655.5725250655338
542 280 655.6155212381499
741 392 655.6438105374447
843 444 655.679361773024
380 186 655.7208039510954
738 390 655.7532025955934
474 242 655.7824000072892
663 345 655.8154098467945
739 391 655.8486936641291
580 304 655.8777885601775
827 437 655.9050457130779
727 383 655.9306128581916
791 421 655.9648091166035
755 400 655.9927588196894
617 320 656.0177395514252
444 224 656.0493623623652
835 440 656.0824831579253
684 359 656.1136154107305
0 0 651.0
737 389 656.3504962774563
402 200 656.3823792118097
142 74 656.4224970393517
324 153 656.4532035720503
731 387 656.4978705088962
704 371 656.5226662161296
514 261 656.5572264990659
362 172 656.5842799181631
480 246 656.6084546730417
333 159 656.6341192255819
676 352 656.6654277105615
265 124 656.7020631534918
95 48 656.7322450209651
5 2 656.7629374035089
208 97 656.7998119039946
270 128 656.8268760480613
371 181 656.853723404764
460 234 656.8836513619731
570 299 656.9074664676671
668 348 656.9382511478208
781 415 656.9634378067826
448 226 656.9968361609634
477 245 657.0316227555893
401 199 657.0548822661111
557 291 657.0813944926483
411 203 657.1123923834498
492 252 657.1572186017189
636 333 657.183851658212
673 351 657.2104202797183
903 466 657.2410408043166
878 459 657.2697680004484
427 214 657.3057523828019
273 130 657.3346872461364
763 404 657.3701403376616
665 346 657.4021420050232
784 418 657.4321394800384
750 397 657.4613196075028
898 464 657.4925443045782
456 231 657.5264640698622
416 205 657.549168350371
118 58 657.5889632466678
743 394 657.6344763945449
519 264 657.6622237775885
214 100 657.6957892146959
225 103 657.7178508820116
102 51 657.7463934768012
191 88 657.7719969933105
185 85 657.792549866881
113 54 657.8170758292504
119 59 657.8402160656686
49 24 657.8689418469279
562 295 657.9147688845901
418 207 657.9409782826064
633 330 657.9719808723409
717 380 658.0
0 0 651.0
685 360 654.6824212518122
372 182 654.736782812755
306 144 654.7604562025313
788 420 654.8049015742067
546 284 654.8329496145926
288 139 654.8781310340725
352 165 654.9028450278325
678 354 654.9416219952567
89 44 654.9873386721217
65 32 655.0103604897608
438 221 655.0502155628681
495 253 655.0730150015468
315 148 655.1005156142533
146 75 655.1304379058635
914 470 655.1809967877286
516 263 655.215480453561
312 147 655.2422404384174
68 34 655.2808458317799
393 196 655.3167883263366
429 215 655.3415304923338
317 149 655.3662026040929
729 385 655.406623732545
632 329 655.4297865472428
420 209 655.4638509262232
656 343 655.4925765384362
787 419 655.5179663094267
255 118 655.5620427136353
767 406 655.618977953077
543 281 655.6469531734642
606 317 655.6855645297339
672 350 655.7091402489565
569 298 655.733017614021
865 456 655.7691458007561
706 373 655.7947836636018
533 274 655.8271792920068
114 55 655.8737671958053
541 279 655.9157805312667
33 16 655.9605304208726
880 460 656.0154893973611
758 401 656.0402801258715
618 321 656.0650928584886
529 271 656.0892965613277
304 142 656.1329918446047
190 87 656.1608361496876
370 180 656.1896165373986
93 47 656.2250363976814
367 177 656.2605193501964
392 195 656.2832343552155
364 174 656.3092695995028
752 398 656.3483108818389
773 410 656.3713489604008
278 134 656.4162899089574
274 131 656.4457463762022
197 90 656.4795820150085
463 237 656.5124179144051
375 184 656.5400829163135
412 204 656.5692745194178
918 472 656.6117518069037
850 447 656.6392791871934
85 41 656.6927124691329
70 35 656.7163827379642
136 69 656.7429075940123
238 107 656.7714039292716
126 63 656.7998112811068
262 121 656.8287404773844
246 114 656.849430028694
34 17 656.8849253043271
252 117 656.9205430511406
705 372 656.9708339287414
472 241 657.0036493866417
539 278 657.031795862892
779 413 657.0655017976729
795 422 657.0951607730989
597 312 657.126830169906
84 40 657.1769861031765
515 262 657.2205687037779
522 267 657.246564579589
150 78 657.2848593111563
591 310 657.3266452982114
861 453 657.3658486086798
458 233 657.4070203957915
521 266 657.4323975895163
10 4 657.482324418048
908 468 657.5450360546251
810 430 657.5686404085052
600 314 657.5954611570089
147 76 657.6407410793174
37 20 657.66913644366
194 89 657.7000651639626
182 84 657.7257127129675
423 212 657.7603410630352
293 141 657.7861144719593
572 301 657.8143019133616
906 467 657.8484516688981
888 462 657.874984580726
554 290 657.9149304184612
47 23 657.9609555989299
387 191 658.0
