id1	id3 	 s 	 delta* 	 gap real_cost gap_cycletime
0 0 672.0 0 0 0
258 90 672.0061335054806 672.0835846050833 1.1524027870452578E-4 0.12830536545020585 0.004955180433707599
807 355 672.0435387281857 672.08808793978 6.628478081038337E-5 0.18316910437668765 0.0035129824813774774
762 326 672.0708312874993 672.1229290757084 7.751229121238755E-5 0.13847221425687753 0.0041855351323715605
481 189 672.1009005211782 672.1281393801104 4.0526288569427635E-5 0.11689619001645356 0.0019046777548277615
457 180 672.1249236880489 672.1326120754462 1.1438795349663298E-5 0.18243313472555883 6.977445284764867E-4
628 257 672.1525483384169 672.1380155954342 2.162166496377917E-5 0.07862148601718394 7.134937639711565E-4
689 292 672.1823257144514 672.1749309459688 1.1001255985899255E-5 0.0832577942157638 3.4102878085814106E-4
825 361 672.2066367849678 672.1777664095963 4.295050627118333E-5 0.1286703009038851 0.0021904089003339667
548 224 672.2385541564771 672.211327348044 4.0503346678892396E-5 0.15021201792826738 0.002308619368263862
797 350 672.275081051769 672.2458815808321 4.343570074123644E-5 0.17430018118858565 0.002692929025642835
515 205 672.3135238274518 672.263648700986 7.41898309721537E-5 0.20574405703415016 0.005193122548976041
535 219 672.3355593997967 672.3722886733507 5.4626393997375715E-5 0.16681168781622283 0.0032228566321229318
806 354 672.3671568832568 672.4101345262288 6.391581679875554E-5 0.11271519305255072 0.0026204691283692673
910 399 672.3912884712028 672.4334078266238 6.263721422941287E-5 0.14464389980902037 0.003131764111743055
768 329 672.4208257559324 672.4645331451687 6.499582815461113E-5 0.14494130789266776 0.0034446726760980033
853 375 672.452432335958 672.4684856913885 2.38722791806083E-5 0.06554520805404901 7.161472967398093E-4
461 182 672.4861202919162 672.4949097622901 1.3069943350252997E-5 0.11684259202878422 6.796164569152905E-4
550 226 672.5103163443671 672.6205452445749 1.6387976993443893E-4 0.09867617765307214 0.007702118258791671
779 336 672.5405931557829 672.618753881574 1.1620360767532718E-4 0.15514123572591765 0.0063910002400160825
671 282 672.5661036377659 672.6030220922214 5.4888921463200116E-5 0.11543979428318732 0.002305264797712726
514 204 672.5926328339954 672.556140760122 5.425877731496986E-5 0.1986190602809453 0.004177793436410882
385 141 672.6202825605582 672.5444646938303 1.1273286854337278E-4 0.15975050378891198 0.006538303142985718
353 125 672.6549412087835 672.5440764161266 1.648439062130941E-4 0.10225682810783314 0.006263879934550269
871 383 672.7054284007266 672.5427755892288 2.4184753357193485E-4 0.11368288216850436 0.00870624728193471
513 203 672.7383834073295 672.4856557158104 3.7581127474028086E-4 0.1478829537200363 0.021796381255788116
468 185 672.7722979342553 672.4427631860719 4.900562043705209E-4 0.12481440648896056 0.023031939468337384
27 9 672.8265081977081 672.4593756040426 5.459550524307789E-4 0.10406726125234331 0.021291605582960636
783 340 672.8827593771965 672.5785212599097 4.523458714037899E-4 0.10337174096645374 0.017640957832234384
446 173 672.9199441547767 672.5883542330605 4.930057436011722E-4 0.10151379955207733 0.01824066381883372
387 143 672.9427036798054 672.6770998205534 3.94845995683293E-4 0.13306906023448076 0.020926197406777983
434 167 672.9741595432577 672.696901684046 4.1215866836544755E-4 0.1139857560040827 0.018134432234756498
297 105 673.009424599759 672.7218364269368 4.274993871905415E-4 0.11698052419728695 0.01795442940134966
382 139 673.0379425213839 672.760868884895 4.1184564873425657E-4 0.08196048943834923 0.01482600288613579
569 237 673.0645902523354 672.7634465202829 4.4762201872015407E-4 0.1160762848653083 0.021037597308580208
699 296 673.0893162515173 672.7718133720884 4.719324934816243E-4 0.10624073545388235 0.018876730592956123
583 242 673.1155581679496 672.8068863816119 4.587821447515293E-4 0.1648957833536703 0.025690999095825482
343 122 673.1492847329474 672.9618828543613 2.784732439692603E-4 0.11944637636307741 0.010024731996732004
709 302 673.1892867601849 673.0098111143747 2.666761209811993E-4 0.13835983946318048 0.014666736745100557
587 244 673.219256430166 673.0688760958825 2.2342488209487775E-4 0.10561691305522242 0.009383562435337731
618 254 673.2432955944324 673.069919180927 2.57590494783165E-4 0.20323413316182887 0.019318673292536073
462 183 673.2741006403187 673.0967479089944 2.6348772576190714E-4 0.14778109646417972 0.013173979558604191
76 26 673.3151367436506 673.1363713298355 2.6557087304897824E-4 0.10285932707237923 0.010091389642769424
467 184 673.3544193177022 673.2576368054321 1.4375256510917807E-4 0.09269694379763342 0.005031189380349788
408 156 673.3766931255781 673.3126065373505 9.518103122588009E-5 0.1198184944462059 0.003616769281256554
364 131 673.3998177766301 673.3600432286923 5.9068767649275585E-5 0.1361884912450942 0.0030714818241736794
753 323 673.4385645716735 673.3637783491627 1.110636255104187E-4 0.10229840526541323 0.004664532138037283
786 342 673.4659676306592 673.3751594660134 1.348552339200651E-4 0.1486312860845175 0.007281957926279073
574 238 673.4942111101564 673.3915778838186 1.524123997218114E-4 0.11101588949950117 0.0064011274420819695
368 132 673.5234072143803 673.4090394331074 1.6983404524712273E-4 0.1011256041786813 0.00662332886504652
389 144 673.5442255308102 673.5065138775641 5.5993004475917335E-5 0.060709668038785455 0.0017917236656883417
738 316 673.5783730751917 673.5445012636488 5.0288899218013266E-5 0.16075440712682076 0.0027658035161115787
397 148 673.6104312138077 673.6025369127747 1.1719523903856537E-5 0.13425322099770454 5.625199307444223E-4
788 344 673.6434870690772 673.6425801843234 1.3462402474161455E-6 0.13823853190321522 7.000234656401269E-5
852 374 673.6703609310067 673.6707602770913 5.927911794975984E-7 0.15934428062020495 2.6674773910412005E-5
141 51 673.7239586563508 673.8454738838485 1.803309990306448E-4 0.0833298875733825 0.0055900949194522195
39 14 673.7536727654392 673.8513201788651 1.44909434027607E-4 0.12657061639960382 0.005216580539328267
915 400 673.8121118116046 673.8829895998923 1.0517818283228305E-4 0.09841295555031572 0.003365600944388799
323 115 673.8566246982049 673.8886655865299 4.754626388785829E-5 0.1251733684899722 0.0022346064092911237
384 140 673.8850775768294 673.9451411657082 8.912237096159352E-5 0.10318095218113292 0.0037430271653887616
376 136 673.9100842004132 673.9822734513356 1.071085305444886E-4 0.20639018392047137 0.004712624783729192
30 10 673.9546048759162 674.0412725011237 1.2857910745718058E-4 0.0819819952523965 0.004628710612400052
284 101 673.9923049386316 674.0845256095732 1.3680876423951982E-4 0.08659941821782952 0.00437775020844974
60 21 674.0270740224877 674.1169623535757 1.333423368760218E-4 0.08705852427222169 0.00546687330869463
456 179 674.2324925362321 674.2360520497925 5.2793284333703776E-6 0.18781051919714672 3.6426219892369155E-4
651 272 674.2647914729382 674.5477004882206 4.194054995334038E-4 0.2069678298294837 0.02977684352292919
787 343 674.2964229908066 674.5843915269663 4.268828923063105E-4 0.09870963949800704 0.01920915567408577
528 215 674.326368328407 674.5956217012725 3.9913299790835286E-4 0.09863078469120416 0.015166599916672775
748 320 674.3575468572593 674.6276661397693 4.0039757642259497E-4 0.08953464732490475 0.015214655082185431
109 39 674.4138626439612 674.7232145907361 4.584871842041543E-4 0.09438795369054823 0.018797413690285338
531 218 674.4565146758798 674.7380845378522 4.173024591685808E-4 0.1319109218686537 0.018360747688334032
828 363 674.4872405713436 674.8291868820861 5.06715354625382E-4 0.09906331165389515 0.019254607148898546
360 129 675.0022049690431 674.9918994812814 1.5267572499171823E-5 0.1641494232543773 9.923614354450086E-4
395 147 675.0292144689199 675.0256422758076 5.291936911088745E-6 0.09160987602100606 2.010876134664497E-4
302 106 675.1086460449537 675.1077553521184 1.3193343259563132E-6 0.09387305634016405 4.7494618979257494E-5
458 181 675.1461325501689 675.234864495374 1.3140901021375232E-4 0.16531820633180722 0.006964461013546619
518 208 675.169653368165 675.2557684800977 1.2752962055629058E-4 0.11660249118267664 0.005866185328234687
649 270 675.2039987187416 675.2816099660961 1.1493167622086145E-4 0.1480842452459206 0.005976263267695621
637 262 675.2295808299543 675.3677734554778 2.0461832938291035E-4 0.08857097342063089 0.006547591863830652
840 369 675.260401049918 675.370236026806 1.6262928247203713E-4 0.09531454247422705 0.006342352796295027
706 301 675.2856053075935 675.3751874695911 1.3264058801625494E-4 0.10174085953298329 0.00517282798228117
648 269 675.3076231642946 675.4101353402436 1.5177766898246447E-4 0.08391239372920462 0.00531206099791205
257 89 675.3607271053606 675.5210138570529 2.3727870547964226E-4 0.11712114568945628 0.009728132860023237
892 391 675.4143910800636 675.6345982072224 3.259263627752554E-4 0.06549797943169074 0.010755255013799007
452 176 675.4474975426191 675.7771164015171 4.877626822482854E-4 0.1063262318512804 0.018534425410716156
262 92 675.4871934227394 675.7964651205555 4.576403011531862E-4 0.09969513907242886 0.01876269153154633
652 273 675.5287233800582 675.8283173702079 4.4329895988297466E-4 0.16717379984884917 0.02704039678512474
479 188 675.5625029863131 675.8760152923433 4.638606770126728E-4 0.07775588765831676 0.01716233894497043
112 40 675.8841297808807 675.8934385543083 1.3772545931989595E-5 0.10917247892632648 6.197459456463905E-4
131 47 675.90562959585 675.9353983361623 4.404080683684139E-5 0.11867369751351908 0.0016294605573329282
90 33 675.9298930759303 675.9248169945873 7.509831293861167E-6 0.11628744526720333 3.60461028767164E-4
700 297 676.0136060985997 675.9498847573676 9.426932775486191E-5 0.14876136550799868 0.004619054945024072
869 382 676.0696269288823 676.0286085486487 6.067550946054862E-5 0.152824069481047 0.0032763765452681697
710 303 676.1147924807163 676.0838949603435 4.5700719397619525E-5 0.15562349071632334 0.0026048606449538183
577 240 676.2276872170711 676.2098273004066 2.641179696518317E-5 0.1637775864797005 0.00166389168797103
id1	id3 	 s 	 delta* 	 gap real_cost gap_cycletime
0 0 672.0 0 0 0
195 67 672.0021479664873 676.1002372928707 0.006061363538034364 0.15231977927582838 0.26669178388634435
541 220 674.1409216226435 676.0616868286589 0.002841109389034498 0.14282757278189956 0.14773316467612313
381 138 674.1675798546803 675.9523955030115 0.0026404457772548576 0.12564236625993733 0.1320182865758129
401 152 674.1889146345143 675.8249218010634 0.0024207558996036807 0.14133794001343544 0.12103408906277241
737 315 674.2205924553375 675.7387550891661 0.0022466709544109406 0.16080801486450158 0.1280562812357345
681 287 674.2522949269701 675.7294165742348 0.0021859661737879837 0.1755710894186071 0.12022438397512855
837 367 674.2869883735085 675.6419844726705 0.002005494226679185 0.09270594537765534 0.08422825121438891
551 227 674.3154544503077 675.639896000493 0.0019602772986400193 0.14376229963544757 0.11173238292130946
84 28 674.3602793439081 675.602698778428 0.0018389793835435148 0.10043051561696575 0.0735569750176055
766 328 674.4214043639882 675.5999888432406 0.0017445004421481555 0.10720034381455226 0.07152236985461718
789 345 674.4589733683135 675.4844540580046 0.0015181410668009964 0.1380695768973777 0.07590473218416269
427 162 674.4916923762172 675.4438950134019 0.001409743494929008 0.10190547275098764 0.05215894661617216
703 299 674.5327115177993 675.3992512018355 0.0012830036197023086 0.15986573050981492 0.06543115706352513
512 202 674.5672383721086 675.5098169342192 0.0013953587919543135 0.1251507445102556 0.06557987276482365
113 41 674.6125985783223 675.3788931247635 0.001134614294645569 0.0996927892098519 0.04424863378687392
270 95 674.6424086341124 675.3141243390578 9.94671488032103E-4 0.06099012644304844 0.032823200294983645
260 91 674.672858769971 675.2738020666261 8.899253825870376E-4 0.11550652025362601 0.04093533186204048
495 192 674.7042285039578 675.2374402896451 7.896656107495503E-4 0.1515704413976903 0.036323497030710306
719 308 674.7322422182991 675.2350721643988 7.446739170226331E-4 0.13360317440441638 0.03723255986683029
23 7 674.7885535377366 675.1941548217259 6.007180025075977E-4 0.16135778744961715 0.049257358313567604
724 310 674.8427054166652 675.1787495986957 4.977114315730836E-4 0.13254988939261517 0.02339172366100405
497 194 674.8722395108368 674.9933269690932 1.7939060049691695E-4 0.1678007981394206 0.011301256420842173
221 76 674.9117345976649 674.9844200622056 1.0768465520130988E-4 0.11580167058445037 0.004737981667375023
453 177 674.9586986096443 674.9783796808681 2.9158076489912644E-5 0.13549525022102918 0.001428702082490684
781 338 674.9902805409694 674.9659709603615 3.6016009182384496E-5 0.14672520255839486 0.0016566854193231855
839 368 675.0213442303489 674.920152305363 1.4993169879462374E-4 0.11952551343102713 0.0061470133962769295
477 187 675.0619528051424 674.873982639287 2.7852631852882096E-4 0.16232034185699748 0.014761436527693591
556 232 675.0867227675835 674.8100916880433 4.0993915613838993E-4 0.07543634689247228 0.01434744721874618
653 274 675.1196406261338 674.8122462485821 4.5552578403920945E-4 0.14308691458380654 0.02687519725846791
106 37 675.1690868793636 674.8172096088894 5.214408664505968E-4 0.11396075526740226 0.021899855089672824
43 15 675.1974789121434 674.7020021212105 7.343638960239804E-4 0.11607307887778866 0.031576692746159006
17 5 675.2209175260226 674.6251946511451 8.830427318766113E-4 0.20297854520430347 0.06622610600087632
240 84 675.2590214612784 674.6293316553897 9.33386344681412E-4 0.11214883476511142 0.03546761050016292
682 288 675.3095334443806 674.6467218456311 9.82457302892165E-4 0.14189069048867045 0.05206863974420815
273 96 675.3457645393698 674.6476531541019 0.0010347792392134 0.10134231016672564 0.03725093547081804
407 155 675.3756214099344 674.6590526593645 0.0010621198185147198 0.1071555294644775 0.04566977886400383
312 111 675.4023253286382 674.6649473486501 0.0010929543366464888 0.15905195291996196 0.06338938830018251
733 311 675.4378735325549 674.6961829316862 0.0010992956824595846 0.15433427916774314 0.058260870466536524
180 63 675.4903907210237 674.735967951866 0.0011181007164146497 0.06766870638771996 0.03577817221455717
347 123 675.5220009645828 674.7611080969419 0.001127647783060414 0.1398742737979586 0.05187020735897669
444 171 675.5483135069221 674.9767669006804 8.467648580943949E-4 0.11919594532993716 0.04233696217639415
763 327 675.579471948065 674.9825760284072 8.843130783760368E-4 0.07825499319717633 0.03183433039395428
433 166 675.6108710755071 675.0759664001223 7.923621962684348E-4 0.12325129988150377 0.03723989345996359
794 348 675.6477853658046 675.097506779797 8.151097885584356E-4 0.11295621166577213 0.03830900531870147
692 293 675.6804162135799 675.1051131965165 8.521680636358454E-4 0.10677587963718457 0.032381412908230926
598 250 675.703750155582 675.1877504366984 7.64231457916614E-4 0.15088928609709054 0.0397388107923839
333 118 675.7338888006257 675.2128354068474 7.716876315959387E-4 0.11991839662114873 0.03472489202962776
373 135 675.7575408886896 675.252624890685 7.477438508090244E-4 0.13765660093582346 0.03140428016876716
428 163 675.7878223944482 675.3624324876927 6.298690692471686E-4 0.11982737936858323 0.027083549944117425
749 321 675.828604774204 675.3664732836786 6.84267740266227E-4 0.16799169474797374 0.039686294369285155
655 275 675.8552343458311 675.4095853689254 6.598203320764956E-4 0.11125911085400486 0.0270518187218372
780 337 675.8792037296328 675.5443510100747 4.956783652433554E-4 0.1897265307925805 0.031226753991215852
642 266 675.9077418030399 675.5702277534668 4.995987622122614E-4 0.10735137749713856 0.02497918870971159
128 46 675.9524639230159 675.5762574114044 5.568675741403204E-4 0.1111870962350808 0.023387733887855765
622 255 675.9971149091583 675.6051881005345 5.801121950020789E-4 0.13157377780266263 0.025524158541812045
218 74 676.0379290369779 675.7338819294284 4.499509580328787E-4 0.11699543816209254 0.019797244186182575
679 286 676.089409219033 675.7922802573796 4.3967498643250765E-4 0.10857456473210733 0.018905456338122153
741 318 676.1240629754458 675.8029209431792 4.7520071653198506E-4 0.12347024007220096 0.021858570336298296
685 290 676.1553386595608 675.8883719558675 3.9498638350710937E-4 0.1290504636142432 0.016588923299168872
712 305 676.1777901270491 675.8954774423887 4.1768689698688837E-4 0.1526248579248896 0.02130137497239204
903 396 676.2042813257001 675.9915189009532 3.14741263459615E-4 0.11895260764138266 0.01479239240427522
775 334 676.2282820385947 676.0033508370572 3.3273681448323534E-4 0.11137271935310095 0.014307252495259609
475 186 676.2616896027581 676.0232587988471 3.5269615476639523E-4 0.1795753123075403 0.024335274649384377
856 376 676.2941375910075 676.0763216246925 3.221765936005236E-4 0.1826926775459018 0.022551656105321866
885 387 676.3302272360395 676.0992042033092 3.4169990334849236E-4 0.16891649695029898 0.019476288820123262
516 206 676.371410985302 676.1183922616668 3.742225127004311E-4 0.16209615450026232 0.021704233678536293
800 351 676.4087049959578 676.1278513651201 4.1538538942097685E-4 0.15177017555857927 0.021184002265512886
820 360 676.4303763109308 676.139253982187 4.305656372251352E-4 0.17038844669584616 0.027124791815399698
612 252 676.4590271570565 676.148457109495 4.593222750063326E-4 0.136326479025071 0.024343337945767488
860 378 676.4922211888653 676.1534815745654 5.009803595347889E-4 0.0954998347614139 0.019537651733718474
425 161 676.5256003968891 676.1928399805305 4.921087546093971E-4 0.1724081363601936 0.028049325038404852
449 174 676.5633927205861 676.196309481858 5.428648952689628E-4 0.12203796920547358 0.026599575074819463
id1	id3 	 s 	 delta* 	 gap real_cost gap_cycletime
0 0 672.0 0 0 0
398 149 672.0224463758316 674.502126060756 0.0036763111473144634 0.04499417990449993 0.08455270642714106
563 234 672.0474828848404 674.5596135687539 0.0037241047838945914 0.13646684219381072 0.18992353998973163
88 32 672.0935958926144 674.4038034025914 0.0034255552805621966 0.042790427431541926 0.07536003512345918
72 24 672.1160929911067 674.3721770503853 0.0033454583923470736 0.08588291523689946 0.11708756521467191
265 94 672.1491388309688 674.2825892599284 0.0031640301306032326 0.09757471812705676 0.13288529217859313
505 199 672.1772927392228 674.2426772742489 0.003063265801233104 0.14411412999612938 0.15315858277203245
790 346 672.2084365857625 674.241661113299 0.0030155723753101677 0.15428947593808093 0.17791327859321396
64 22 672.2587235514302 674.2113348193259 0.0028961412646955104 0.06263926863681565 0.08398563566912363
437 169 672.2984614572092 674.1116614360875 0.002689762071487614 0.15021265763347208 0.13717363328586832
687 291 672.330642093788 674.0523140339233 0.002554211155854892 0.0941544735588763 0.10471953096940881
886 388 672.3597021289493 674.0310997189464 0.0024797039642444644 0.17479208866410337 0.1438183313963764
882 386 672.3974766362942 674.0128290884492 0.00239661974140703 0.20374835239942438 0.13660297724156037
526 214 672.4314973195661 674.0041716315986 0.0023333302347750455 0.11004105440438837 0.08399735360369853
773 332 672.4726454841938 673.9716303367358 0.0022241067502990356 0.16522756418849974 0.11564994954636033
664 279 672.4966714003046 673.9433400665295 0.0021465731319223347 0.17388899515840303 0.12879036203553676
829 364 672.5245307760862 673.8057253647819 0.0019014302497980477 0.10321154744108628 0.07605492495085436
394 146 672.5589355584531 673.7962310539233 0.0018363051594024148 0.0738962726207507 0.056923779087651394
859 377 672.5977924837288 673.574068519819 0.0014493967058969203 0.1536184055447847 0.07536629626747993
746 319 672.6232911491329 673.5162860707433 0.0013258698268753609 0.08540135104601057 0.04375240262340444
307 109 672.6591914797372 673.3357744432031 0.0010048225404709432 0.0907652170910947 0.03315815374842985
897 393 672.6968283002751 673.2725672768557 8.551350590582947E-4 0.18587612314951846 0.05729224501822716
431 165 672.7357999665893 673.2356727650241 7.424930357326384E-4 0.10605448940902786 0.02969882671465332
332 117 672.7672113589127 673.2040977455304 6.489657268586203E-4 0.1043549176068196 0.025957847849188222
517 207 672.7936055570261 673.1758110922698 5.677648081613391E-4 0.12976848127263724 0.027819626095244743
525 213 672.819523412342 673.1685120882927 5.184269164165286E-4 0.1408379979697777 0.02384690468562804
421 159 672.8463618520778 673.1358136993263 4.3000512134050016E-4 0.13979514936166804 0.02192958757385115
380 137 672.86823014583 673.1181762746252 3.7132577548044634E-4 0.17727130914156122 0.022650161771247096
123 44 672.9024113583555 673.0008968458445 1.4633782503203354E-4 0.0849721245340763 0.005268004949772383
736 314 672.9473297823912 672.9296806925581 2.6227242369377052E-5 0.1111225146429905 0.001180190247249124
694 294 672.968994421923 672.9366597815249 4.805005036961422E-5 0.1257801749967495 0.0021621863407558957
44 16 673.019090206715 672.9170372102252 1.5165762025115477E-4 0.055995510276042895 0.0040946360078917615
861 379 673.07859370751 672.9291137352336 2.2213331125866664E-4 0.16122206736415268 0.011550572685596618
576 239 673.1227717532533 672.8674425099332 3.794644044118369E-4 0.09106293124796966 0.01403976356432803
75 25 673.1652972262171 672.8549710326614 4.6120814576054416E-4 0.11676144143806275 0.01890896026809352
107 38 673.1886907037934 672.8293711312069 5.340426384514125E-4 0.11246032442688657 0.021361059050046143
241 85 673.2189688130895 672.7731511388615 6.626567565506084E-4 0.061459032163483876 0.019879119393446124
796 349 673.2744738350648 672.9231518413557 5.220833801716877E-4 0.15477410807542044 0.025581292180738135
522 211 673.3174844293494 672.9783325438999 5.039566194761145E-4 0.11675735761873968 0.02267736033048228
848 372 673.3544514445325 672.9858970399849 5.476406060938353E-4 0.13577910701315868 0.026285943103864253
411 157 673.4015485689565 673.0908560666678 4.615907339824705E-4 0.05728895450208095 0.012462585165012838
804 353 673.4465882244587 673.1025204174584 5.111670162619864E-4 0.12345418337681188 0.023001815581414512
552 228 673.4789018126546 673.1225112257804 5.294587254632543E-4 0.11961930748942919 0.027001575853487742
904 397 673.5140720863338 673.2143872848311 4.4515507565339856E-4 0.1881542550768168 0.0182507803706359
632 259 673.5432185068104 673.2752518257377 3.980046501725248E-4 0.20411314669095465 0.02984940015450403
160 57 673.5938305730527 673.2832697807203 4.612631952574918E-4 0.08360155184918316 0.013837484372678807
880 385 673.6418263441911 673.3974585600605 3.6288789187470635E-4 0.17928277368501233 0.021409713238392452
771 330 673.6757101504327 673.420873400208 3.7842122258241803E-4 0.13646954862628558 0.017028432778322326
864 380 673.699341707269 673.50883216563 2.8286123735964087E-4 0.16555922307879048 0.016122588254683753
8 3 673.7665924688922 673.5741887397721 2.856459352756175E-4 0.08764163184779605 0.010282947440814778
65 23 673.7943963036422 673.7071297715925 1.2953185173997646E-4 0.07900905252236502 0.0042744244856937575
242 86 673.8277411632891 673.749100825783 1.167205082867975E-4 0.10482576423445006 0.004902113927637299
627 256 673.8665568781239 673.7643596212664 1.516810074592555E-4 0.12294749219318243 0.007128790698016517
640 264 673.8918363907175 673.7657929883909 1.87073020978865E-4 0.16597664829445688 0.011785233608634583
87 31 673.93895978832 673.8328491754281 1.574731968346058E-4 0.09410044490863986 0.006141271179574697
318 114 673.9722806907826 673.9538631860481 2.732754531202305E-5 0.15268402862343744 0.0011203946687175807
438 170 674.0006118834942 673.9629492115939 5.588240710318729E-5 0.11742127117889717 0.0027381550677308525
132 48 674.0425986448741 674.0167157527386 3.8400964739629246E-5 0.08508699128070579 0.0013055939984298768
549 225 674.0870632125303 674.0380727610378 7.268202416492933E-5 0.1655213525704382 0.004506145350672201
274 97 674.116556439192 674.0524546116418 9.509916789357554E-5 0.07964377246851279 0.0029479868666049402
482 190 674.1449511720368 674.0906303276776 8.058388874632779E-5 0.14326290154466248 0.004351396297683541
429 164 674.1713139653996 674.0993111860279 1.068133110016346E-4 0.12896537980681283 0.004272402061856968
349 124 674.1948637239716 674.3996782957399 3.036990947058583E-4 0.08360462668231304 0.009414392467505441
757 325 674.235631908502 674.4415253608763 3.052799162449904E-4 0.12259536225592267 0.011905554975417372
908 398 674.2624580483265 674.4878883001792 3.34224314124909E-4 0.14134173634992586 0.016376488724866554
163 59 674.3133092269159 672.4205515927356 0.0028148420355341183 0.08852029397088443 0.10133128922762627
102 35 674.3369508513077 672.3973941038842 0.00288453935787253 0.09914310974775459 0.10095584398855738
18 6 674.3657470192614 672.3514036992212 0.002995968044325427 0.10976965281535045 0.11683922126881847
294 103 674.4068572218862 672.3377777031955 0.003077440517709725 0.10889050933026194 0.13848064273026928
335 119 674.4283457809025 672.3108101458927 0.0031496379398545577 0.14702306064966106 0.17952382618824822
902 395 674.4722825935391 672.3108766808971 0.003214890592448273 0.1798898595988376 0.17038383740148091
327 116 674.5312951782723 672.3121093845295 0.0033008267481220033 0.11897453173753489 0.12872832896714986
203 70 674.5578133685242 672.2379094851202 0.0034510161516788595 0.0883181726299161 0.12078195996857415
182 64 674.5822167060984 672.2067890046536 0.0035337752315208067 0.11830093919344986 0.15194771878515725
199 68 674.6039704541586 672.1984829498684 0.0035785375381002364 0.13955737157591488 0.18965666237098536
173 61 674.6265074572647 672.158181445887 0.0036722397785415163 0.060260171857776906 0.10281969608693456
252 87 674.6518866738412 672.0996073414951 0.0037974718396900603 0.05708859946820399 0.1025287360619182
661 277 674.6901110700348 672.0706123429374 0.0038976540247244768 0.12863862559028966 0.18708167752799537
176 62 674.7332898620871 672.0520490099815 0.0039896327316543394 0.10523169870053961 0.17154903746713443
216 73 674.7573581646363 672.0252752869804 0.004065446610604333 0.12866558654955934 0.19107015185180515
566 236 674.7968927205385 672.0301760444504 0.004116953039777033 0.10586082759986111 0.14820583617643615
id1	id3 	 s 	 delta* 	 gap real_cost gap_cycletime
0 0 672.0 0 0 0
668 281 672.0196684019012 676.2616616416462 0.006272709929241717 0.14599459961220912 0.32617094412367287
616 253 675.0983483564678 676.2801256305914 0.0017474671062109196 0.05452979404688767 0.04368540749142335
201 69 675.1425743021448 676.3247042027675 0.0017478733118527553 0.06330304358458179 0.04719119991160436
166 60 675.1671478437377 676.3272281338643 0.0017152648035885828 0.08998673328123015 0.06346291301296376
220 75 675.1918862589364 676.3406335170035 0.0016984744094016738 0.12711081306141217 0.0815242977915518
597 249 675.2373598602104 676.4280162155625 0.0017602114738142955 0.10779373221709608 0.06160555138137744
565 235 675.2614428338162 676.5692691606838 0.001933026500730692 0.13558493188357637 0.10051431523263316
337 121 676.0587097563968 676.5990226930498 7.985718550146599E-4 0.11289005418027234 0.03673320039915815
336 120 676.0796575356613 676.6109526763671 7.852298852157239E-4 0.19017342413781024 0.04789751667507621
455 178 676.1068935770594 676.6427240122822 7.918956580889501E-4 0.0768421462502271 0.025339914608180227
554 230 676.13402412191 676.6635677466738 7.825803693366486E-4 0.1496600102781817 0.03678014603211136
356 126 676.1617851782323 676.6830405605864 7.703095114106084E-4 0.0417493717058078 0.019257182856655966
666 280 676.1951926159679 676.701228850192 7.477986039480416E-4 0.19005134770875573 0.041127628801490804
400 151 676.2304491333548 676.7141501736149 7.147789655884206E-4 0.11082573462321015 0.027875541589950373
850 373 676.2662490964941 676.7275524061033 6.816676932526891E-4 0.145987255906567 0.03340069224861177
560 233 676.3005957780608 676.7353896328672 6.424872431190898E-4 0.08543294700914053 0.02569872944728369
399 150 676.3387057630677 676.7741641571179 6.434323547095698E-4 0.07640359590447506 0.02251946960756055
404 154 676.4871849989896 676.808625561059 4.7493567594961237E-4 0.11805353499140586 0.020896539155197992
672 283 676.5180299561837 676.8468738172962 4.858467606682213E-4 0.10172960085514068 0.020890786629785378
585 243 676.5414578287313 676.8783007521023 4.976417813907545E-4 0.1343864190113661 0.024383704637388606
223 77 676.5877178660859 676.8778314370894 4.2860551421456083E-4 0.05167534407510925 0.011572013403083847
11 4 676.624493748379 676.9232448030803 4.413366759006246E-4 0.1194131256037821 0.0185355805234325
818 358 676.6908158615508 677.2628109348182 8.445688498351159E-4 0.09180739398347416 0.032937207398105
631 258 676.7177129662984 677.2717632000761 8.180619123404108E-4 0.15727375873274768 0.048264165564730024
372 134 676.7731205741311 677.2673789327081 7.297832052030574E-4 0.10709918118513442 0.027730930583721305
361 130 676.814272014559 677.3700648616013 8.205158094133823E-4 0.10466383779827881 0.033640141897301475
114 42 676.8539850722731 677.4047478509219 8.130482999951652E-4 0.16290187026935832 0.03577301685608723
145 53 676.8865400359126 677.5425527024561 9.682235660725356E-4 0.07903109981047825 0.0309822413996464
3 1 676.9222391869476 677.5445650796254 9.185017853469168E-4 0.12493127225143713 0.039494381060327335
546 222 676.9763256015494 677.7037895573296 0.001073424653941168 0.08390018835845262 0.035421967222684855
287 102 677.0193560786439 677.6886120084972 9.875567008124897E-4 0.08918389336470317 0.03653851548001867
504 198 677.0540857741979 677.7863423336566 0.0010803648786098764 0.14130435821795595 0.0561772586224575
647 268 677.0801067211738 677.796269868881 0.0010566053245553587 0.04720982020879002 0.025357795549119842
50 17 677.1255439351911 677.9213984143321 0.0011739627647135789 0.11656116948924655 0.04578316895643931
496 193 677.1684181844582 677.9295431118719 0.0011227198093771147 0.1073492552391502 0.051643566240114756
435 168 677.1905833087011 677.9919073061271 0.001181907908915828 0.1132222362285904 0.05672987693732361
162 58 677.2304742419708 678.0340335884717 0.0011851312864756018 0.08072925682554745 0.04029327658827488
492 191 677.2784570653081 678.1115243322239 0.0012285107051324263 0.14975802607630342 0.05896670414379778
58 19 677.3270837944052 678.1078201106792 0.0011513453954071161 0.11935137020233536 0.0483550486981005
4 2 677.3552734085122 678.1245745662854 0.0011344540319384528 0.15161653038028863 0.05104886236518655
279 98 677.397271716375 678.1484596522658 0.0011077042573775047 0.12201162528764223 0.05206052907264273
542 221 677.4256842637755 678.1484886430387 0.0010658497237228722 0.10678555746752035 0.042632713287470765
650 271 677.4631699642632 678.1520041076867 0.001015751836241877 0.16692450241941378 0.06703754886793573
636 261 677.4877573362103 678.1652738362061 9.99043339632066E-4 0.1320370798166656 0.04095953228887468
785 341 677.5151571898358 678.1804146448637 9.80944658179632E-4 0.1148167639050462 0.0421793524400262
547 223 677.5426913596141 678.1937923421812 9.600515220265553E-4 0.13774894879298433 0.051841204394443
229 80 677.5825165581886 678.2493050645987 9.83102380542305E-4 0.11455746078427771 0.04620442421336254
683 289 677.6321324912782 678.2441580098849 9.023675491766236E-4 0.056867587663739554 0.0234608751372567
413 158 677.6625638368783 678.2036620179404 7.978402526639527E-4 0.11678719060133697 0.03510391481175676
156 56 677.6998426236183 678.3717916648054 9.905321085625235E-4 0.03864774805276745 0.020800577312176785
735 313 677.7441404029507 678.3681104984355 9.198104772736128E-4 0.1364280986626431 0.035871515752956946
233 82 677.7871695840039 678.4289007306584 9.459077376617409E-4 0.10059658029431852 0.03499754318199514
116 43 677.8147592266648 678.4401767454484 9.218462293665873E-4 0.11577500123870996 0.0359509215346191
521 210 677.852360894048 678.4757165323118 9.187589519780368E-4 0.17163964149624966 0.0496114427685122
304 108 677.8886187579739 678.4927432017303 8.903919014750399E-4 0.10833421584311637 0.03383387916200812
140 50 677.9187962209224 678.5060300072765 8.654805711126737E-4 0.1308200098486672 0.03894544431422157
226 79 677.9450299533512 678.5180307308909 8.444886526044171E-4 0.12280396895873677 0.03293406260722651
303 107 677.9719699523808 678.5200863199765 8.078115573090917E-4 0.11768325679885883 0.03635042631928388
530 217 678.013865825549 678.5427953090235 7.795079206958476E-4 0.13066245957123446 0.036635761416887104
713 306 678.0411009070355 678.5930325006894 8.133469800302274E-4 0.07889496083594955 0.02765298419314917
506 200 678.0759839052871 678.5993014348256 7.711731038214037E-4 0.07809436558113579 0.02853256661451797
34 12 678.1189386889786 678.606771815347 7.188745332785195E-4 0.12799806141100706 0.03162952166582737
214 72 678.1521256410512 678.6220351807099 6.924466275746314E-4 0.10529817850136493 0.026312185602667515
739 317 678.1926589396962 678.7132415101562 7.670140180286651E-4 0.13358288981062172 0.032980600680515094
702 298 678.2159454373212 678.7361057315527 7.663660292107523E-4 0.1115112461833288 0.030653722023376878
520 209 678.2422842888476 678.753358431313 7.529600201855008E-4 0.13333307961018212 0.03388217189626977
370 133 678.2710011616099 678.7482409353507 7.031175109687014E-4 0.13161165042432837 0.030233135502523878
392 145 678.2924412807952 678.7545836795385 6.808681810118859E-4 0.143187849154154 0.02655304722971806
81 27 678.3280869115695 678.7601552277944 6.36555214529197E-4 0.07868974065310652 0.020369168001529117
133 49 678.3557873922033 678.8269001082389 6.940100870493765E-4 0.09188888032644936 0.023595643658899237
255 88 678.3836731723118 678.8309228675657 6.588528603921795E-4 0.10563117462365754 0.027012160488225183
192 66 678.4081607178101 678.8999710183848 7.244223325520896E-4 0.17044765964864056 0.028975993098798756
124 45 678.4388766998037 678.9043268408457 6.855901820626995E-4 0.11179043516524312 0.028108354808830397
54 18 678.4664031049175 678.9060388571676 6.475649457915083E-4 0.08778449510549415 0.022664103291874634
95 34 678.4904637085546 678.9132330216073 6.227147925385908E-4 0.12668138549107663 0.02802131830316396
723 309 678.5361352608242 678.9802477767455 6.540875340270208E-4 0.0945801528406181 0.023546452525562582
524 212 678.5630752674538 678.8935065508161 4.867203474093611E-4 0.13599143321447912 0.022875160793903046
357 127 678.5918203944362 678.8944814345064 4.4581455343486716E-4 0.15203426485055396 0.022735844547098604
610 251 678.625318707111 678.8622454054201 3.490055602777971E-4 0.07841251143753258 0.013610817181221509
498 195 678.6562054197675 678.8388531150995 2.6905898873323805E-4 0.15909559688048688 0.015873991729190344
873 384 678.6901794212948 678.8214276056302 1.9334714403217252E-4 0.16265406621963852 0.010440423447721829
716 307 678.7162615969461 678.7763908259872 8.858473844075695E-5 0.08606357425023554 0.0031003742988374807
887 389 678.7485856978959 678.7287884829329 2.9168079060308663E-5 0.09683055849116662 0.0013125245887162943
842 370 678.7700693416102 678.7274228063135 6.283308123960936E-5 0.158320067416754 0.003392881896311421
754 324 678.7985076837288 678.536923337016 3.8551232470343E-4 0.09880160170448643 0.015420034130342793
596 248 678.8236116631798 678.5021722214323 4.737485816665006E-4 0.07351524327630629 0.01515951021083157
638 263 678.8472698019295 678.3817921071947 6.861588859704151E-4 0.20616703069055742 0.05146029125544828
500 197 678.8763232832436 678.2686942741728 8.958529476595416E-4 0.08123462666752819 0.033145582896742826
894 392 678.9098968837542 678.2815854477277 9.263283118791086E-4 0.12570167248117167 0.03612571059032632
644 267 678.9397350991563 678.2948332386691 9.507692361565536E-4 0.17774571218692609 0.059896597385995544
402 153 678.9686851264933 678.3017576838583 9.832311874175552E-4 0.14379061195488407 0.05210966105686245
id1	id3 	 s 	 delta* 	 gap real_cost gap_cycletime
0 0 672.0 0 0 0
37 13 672.0185541768672 678.1957434229956 0.00910826897106566 0.08708731838491782 0.2914560006622697
280 99 672.0559492556057 678.0757282484128 0.008877738491476833 0.1012343119923492 0.34622150989656286
595 247 676.0781866848811 678.0714014420001 0.0029395352065877613 0.15570887869131878 0.14403279100229172
782 339 676.1055053468642 678.0345446435939 0.002845045745779333 0.1284699347344242 0.130868139453204
734 312 676.1272389292668 678.0296558952897 0.002805802002142337 0.12856883872055389 0.14028585266491245
555 231 676.1580171455516 678.0188161456076 0.002744465132449011 0.1416279117748695 0.12624154028176862
296 104 676.1878195144502 677.9957153157453 0.0026665298326452682 0.1487556975093611 0.12798950684305152
711 304 676.2293604554361 677.9920526963165 0.0025998715381254 0.11829733338507968 0.11179110841754245
657 276 676.2565775216665 677.9347219588725 0.0024753776180058544 0.09757612916486662 0.11386398597419224
188 65 676.2956610934642 677.9317760398174 0.0024133917367181166 0.12443005668723067 0.09170611073198312
208 71 676.3216694961166 677.9302958999389 0.002372849264225453 0.10221271425142436 0.09965669602358194
282 100 676.3464313081546 677.9055097376086 0.002299846227916663 0.10117337079045458 0.09199110555406319
579 241 676.389575575957 677.8836896145777 0.002204086130867457 0.15318091384579735 0.0969768051928465
451 175 676.4163356868756 677.8375033443774 0.0020966199870763725 0.09085974755965245 0.07966919786799845
678 285 676.4534882431219 677.817342811702 0.0020121269882570542 0.13110900566794523 0.08651883251979456
697 295 676.4788796754355 677.8136789051006 0.0019692716025166046 0.12684983744250877 0.09452217544784335
529 216 676.5055326569081 677.8047653189177 0.0019168243253619632 0.13456811107745217 0.07858740455134873
86 30 676.5499996531315 677.8007863449596 0.001845360343373149 0.10760256977585755 0.07750281380988995
33 11 676.575097560402 677.7615687758226 0.0017505731662590968 0.062170751750301054 0.04726409776951041
916 401 676.636170855116 677.738263667604 0.0016261333785759036 0.08830716025450866 0.05528689747329798
901 394 676.6656624715897 677.7375136459016 0.0015815137169341805 0.10763839020814119 0.0695845203250351
920 403 676.6994588954735 677.6538631880055 0.0014083949703201264 0.11260993588990824 0.060559164543865514
155 55 676.7574414047687 677.6255077552819 0.001281041431555327 0.08597705792533598 0.04483512410886411
802 352 676.8054056947817 677.5586111522343 0.0011116462030815988 0.1563338274400027 0.055580596661038865
819 359 676.8310971339798 677.5424502940433 0.0010499019799493964 0.14057808985074177 0.052493496022394504
772 331 676.8544512294972 677.5369306140065 0.0010072947372637049 0.13212403969987307 0.05237773566720343
594 246 676.8808948374436 677.5259511922108 9.520762321089625E-4 0.15687195108190333 0.039033920319939686
774 333 676.9073063114698 677.5130569248079 8.940796153619714E-4 0.13501315383015328 0.04559667288551573
676 284 676.9402043711266 677.5059733190628 8.350759553669753E-4 0.16210702856358067 0.04843290882248935
236 83 676.9754867605283 677.488725712361 7.575608749696133E-4 0.09992035009309419 0.028028916148439015
386 142 677.0033283970891 677.4823689856152 7.070893804118697E-4 0.1196936918856323 0.030403925735325615
314 112 677.0283125368313 677.4657826515441 6.457449599898644E-4 0.10173339001063063 0.024537575644281533
143 52 677.0672427088263 677.4169764398958 5.162754156348212E-4 0.1449436763117614 0.02426420112765354
793 347 677.1307995017382 677.4099167554492 4.1203597232212125E-4 0.10004634551674452 0.01730499477706613
868 381 677.1589490102134 677.3781149887078 3.235504272204835E-4 0.10015152544927064 0.012618090179588492
891 390 677.1800022309512 677.3626223865434 2.696047132756845E-4 0.1349359215777722 0.013210228755117211
827 362 677.2027730140478 677.333472044268 1.929611271471745E-4 0.1627537851491987 0.011770264989486157
810 356 677.2302865254786 677.2689900850129 5.7146510619674654E-5 0.1042563560131813 0.002228647236835229
553 229 677.2588469410722 677.2180487372971 6.0243822283229726E-5 0.1327829606659424 0.0029518575196712474
85 29 677.3003613975834 677.2142511165209 1.2715367539963102E-4 0.06120348566942803 0.003560199121984458
224 78 677.328465572544 677.1958517785733 1.958278297517368E-4 0.09785338759897441 0.0070495917044324724
25 8 677.3629646739691 677.1819256965648 2.6734171503192537E-4 0.1062577610014935 0.010426014529007833
705 300 677.4209304691501 677.1739423510032 3.6473364183120164E-4 0.1817499291038778 0.022612778869837816
843 371 677.4458681533507 677.1461194930102 4.426646652939487E-4 0.16447146939431076 0.02611640677114613
830 365 677.4745979340328 677.1427611506303 4.900543909508115E-4 0.11173581826496992 0.022051785171005485
231 81 677.5235963247198 677.093208817972 6.356399697157862E-4 0.10266183810482754 0.023517975628994034
663 278 677.5753216899536 677.0728401853389 7.421380312303766E-4 0.1481932936762339 0.03710576239000621
635 260 677.6004453184763 677.032988283682 8.381527113366194E-4 0.1071537531272809 0.03268697571122186
445 172 677.6353975635922 676.9604579307721 9.970148550228367E-4 0.11658742534717668 0.045861301394746604
510 201 677.6650447311534 676.9239385478628 0.0010948145590484815 0.08652353140656227 0.041601721647061614
310 110 677.6915010056456 676.8977477645399 0.0011726338929728978 0.13206974951032566 0.05511211644697006
918 402 677.732951748531 676.8902222898707 0.0012450016722200658 0.08134476562218658 0.04232880714482256
815 357 677.7693271112055 676.6270348200479 0.0016882155639278552 0.12666835791073772 0.07596739563375443
832 366 677.8041527446105 676.5165458140593 0.001903289636474155 0.09737529005930032 0.08374224869338054
499 196 677.8348677780858 676.4812208969271 0.0020010117640279455 0.15737740814292328 0.10605034876681964
752 322 677.8684224074125 676.520257734842 0.0019927927614237654 0.14367038635767196 0.10162931778000807
317 113 677.90938278582 676.5199244512121 0.0020538320962756335 0.06117889985774175 0.057505620632854096
264 93 677.9325979357441 676.4704188763692 0.0021614826289131518 0.13611578542939406 0.09726374981593104
592 245 677.9649935858413 676.453890279859 0.0022338600275579675 0.0476166177965265 0.05361108912184599
641 265 677.9896605921513 676.4462949749083 0.0022815789349548594 0.1441803444002171 0.10266790318351239
59 20 678.0383819849797 676.3883547487839 0.0024394672448324905 0.13336665884192275 0.11221207453827393
103 36 678.0646094481186 676.3402941959033 0.0025494788156387267 0.13068010395777307 0.11727245831937919
778 335 678.1202096113725 676.3571048451093 0.002606766090920148 0.12863365285556158 0.1225142850325181
154 54 678.1753368828729 676.3186365368707 0.0027453041298839973 0.0841371022954493 0.09882802436319105
358 128 678.2158912829188 676.3129949298507 0.0028136326927527787 0.15586712665869906 0.1406772921709976
423 160 678.239746598264 676.2118348503542 0.0029989296894790004 0.15969450951547534 0.1799302244387033
Routing_cost: 50.12020766442652
