5 5 31.85
6 6 35.5499999999999
1 1 36.25
3 3 42.9
2 2 43.7546715660733
7 7 48.65
4 4 52.7
10 10 58.75
8 8 61
5 22 72.6519047158731
9 9 78.4441523530319
1 11 81.4447289985247
6 26 81.7221498070312
2 14 92.8812643022889
3 17 94.0539975522071
7 29 109.459781420935
5 23 113.453809431746
4 20 115.341142851643
1 12 126.639457997049
10 34 127.85411714751
6 27 127.894299614062
8 31 131.115571886911
2 15 142.012528604577
3 18 145.207995104414
5 24 154.255714147619
9 33 163.934835472076
7 30 170.26956284187
1 13 171.834186995574
6 28 174.066449421093
4 21 177.982285703286
2 16 191.143792906866
5 25 195.057618863492
3 19 196.361992656621
10 35 196.95823429502
8 32 201.231143773822