600 176 18.518542481923642 0.05267011174919166 28.5 0.019063638912251192 29.590950903112187 49.00529513253502 0.04929910723669685
772 215 18.766067109692585 0.053850141958715125 29.590950903112187 0.032734496012149485 29.623685399124263 49.034746800272764 0.0505222277424711
687 194 17.99304784104126 0.04979713177571839 29.623685399124263 0.02743476173306191 29.651120160857324 49.10238283160452 0.046351116306575346
594 175 20.590948507977004 0.066410108084319 29.651120160857324 0.0272242765161055 29.678344437373433 49.143389290028686 0.0633463086918828
471 142 18.68336692269614 0.05304675230045325 29.678344437373433 0.031655562626611775 29.71 49.043488677983824 0.049738444693524765
403 128 19.594922625832044 0.05545268624671046 29.71 0.030969737781269813 30.34349031042448 49.08986106466108 0.052486928571624285
138 56 18.321065681037517 0.048812681596240845 30.34349031042448 0.043023121447263196 30.38651343187228 49.14276834771209 0.045685127180783124
266 84 19.52040630903213 0.05459723994555926 30.38651343187228 0.028977956486757626 30.41549138835904 49.21005089792309 0.05162062085916809
261 82 18.65608987235089 0.05001067070095576 30.41549138835904 0.026894750890644175 30.442386139249685 49.299571554612314 0.04691455319574073
295 94 20.955572462399843 0.06407524536799579 30.442386139249685 0.022487515952005092 30.46487365520169 49.302256632616 0.06128018938056702
183 65 19.982199074533973 0.05681366933076046 30.46487365520169 0.03512634479828666 30.499999999999975 49.35655479478009 0.05389232928383412
478 144 17.08738694372839 0.04344823963196679 30.499999999999975 0.04607303052499548 30.58202381961862 49.363799571803604 0.04017535155301772
810 226 19.277587153577315 0.052398429304535366 30.58202381961862 0.031678099922399616 30.61370191954102 49.31123589420613 0.04943759905593952
580 174 20.031480165004105 0.056446870599760335 30.61370191954102 0.03452942248493398 30.64823134202595 49.34548904582633 0.053585053146917874
814 228 20.18183457126115 0.05713897716721623 30.64823134202595 0.03890878872031282 30.687140130746265 49.407294856415525 0.054296490404325964
812 227 20.27949857564527 0.05769429295247904 30.687140130746265 0.02285986925370902 30.709999999999972 49.360969617354684 0.0548804509214207
917 248 20.029684525367863 0.05333730310422326 30.709999999999972 0.04016552407441037 31.34744384096104 49.47159783309367 0.05067626178170108
624 183 20.882339645286997 0.05821795631515936 31.34744384096104 0.04888988987044483 31.39633373083191 49.39364173637669 0.05568563765696721
835 233 20.290642765893814 0.054484695515984345 31.39633373083191 0.028291493660388252 31.424625224492296 49.43274171692338 0.05188583408072486
404 129 18.22974136767129 0.04511654169496232 31.424625224492296 0.03644036069178506 31.46106558518408 49.47726736852651 0.04228688618992762
491 150 21.787312222978592 0.06403947018639344 31.46106558518408 0.03893441481648712 31.50000000000057 49.561884865800835 0.061602452636726854
860 239 19.201633049429667 0.048539068591478426 31.50000000000057 0.03752596036576915 31.564609432711745 49.60233281143006 0.04583189725542064
234 73 20.901892284548182 0.05697907659694358 31.564609432711745 0.07307120059483593 31.63768063330658 49.58890024299416 0.05448088474374224
310 96 20.151921763724232 0.05253516908924178 31.63768063330658 0.04252877615888008 31.68020940946546 49.65071226947178 0.04995812386778217
500 155 21.90340073654768 0.06352172390925753 31.68020940946546 0.02979059053454925 31.710000000000004 49.697551168802825 0.061132669930655296
505 156 18.21263276059507 0.04272529768310551 31.710000000000004 0.02677954831930031 32.33992957860269 49.80143905498953 0.04012046268029302
903 247 19.065518135913067 0.04548450370100672 32.33992957860269 0.04835709933276877 32.38828667793546 49.828619050522285 0.04298122075679853
453 137 23.019461677356276 0.06811325049613312 32.38828667793546 0.036587454985964024 32.424874132921424 49.91326075030477 0.06599610184472743
878 243 20.085144688570082 0.04922997333230721 32.424874132921424 0.044896597542814394 32.46977073046424 49.950526004842516 0.046829920410246625
570 169 22.437567223936266 0.06277536371495387 32.46977073046424 0.030229269535755533 32.49999999999999 49.82635300030452 0.06062563187191971
269 85 16.413294355970006 0.03743188424857101 32.49999999999999 0.04820046819428918 32.561475049783375 49.860752510431546 0.03467977403280756
142 58 22.458416847197142 0.0621670915860852 32.561475049783375 0.02901610929135765 32.59049115907473 50.01977013765461 0.06000587924492404
42 24 21.15271486687606 0.05378357143756375 32.59049115907473 0.03148878752128795 32.62197994659602 50.01867950467964 0.05151460336629806
56 29 18.240570252684066 0.04199834557472 32.62197994659602 0.022720931071714544 32.64470087766774 50.037164655972035 0.03944824612166776
139 57 21.971222420577966 0.0579477504035161 32.64470087766774 0.028664357520028716 32.67336523518777 50.42825871184786 0.05569851795051134
277 87 19.15789338296508 0.04446527597573279 32.67336523518777 0.036634764812232136 32.71 50.590093128571056 0.04192264823976343
333 104 22.398628385101247 0.05717578703687011 32.71 0.0305784465729738 33.3595179981779 50.61625932710655 0.05510956964521337
705 199 20.720732300541584 0.04850722166437275 33.3595179981779 0.04315834465361312 33.40267634283151 50.628174827841704 0.04630870051153378
815 229 20.201317817348503 0.04624087676321062 33.40267634283151 0.02901313386945996 33.431689476700974 50.76680661595463 0.043978579200280435
708 200 21.925123012542944 0.05386288015966498 33.431689476700974 0.030682828970146597 33.462372305671124 50.770140318276766 0.05175296239002315
553 164 23.38603720125652 0.06303812600484907 33.462372305671124 0.03762769432887275 33.5 50.78042819400825 0.061060545576479955
554 165 23.09343904944535 0.06053444833533601 33.5 0.02260767883015319 33.55344464910975 50.824012148078936 0.058534828370203844
509 157 19.879888020634823 0.044599411622422785 33.55344464910975 0.030225161990052013 33.5836698110998 50.88060360544744 0.04233107968461766
360 113 21.252522646413386 0.049936021020590374 33.5836698110998 0.0317912867445945 33.615461097844396 50.88183940710104 0.04779451642144076
519 158 22.834889277498387 0.058239212962624964 33.615461097844396 0.02730132409260873 33.64276242193701 50.92588968473851 0.056227434286026876
715 202 22.447683168756335 0.055703421648647694 33.64276242193701 0.03368326182320226 33.67644568376021 50.96558301149518 0.053661411347563824
768 214 23.03172330501924 0.059116273069622416 33.67644568376021 0.033554316239791014 33.71 50.978611430344706 0.05712673471497801
86 38 21.037721459031616 0.04654981327634261 33.71 0.07185563182143992 34.37966416750166 51.1392649164057 0.04454722574463365
6 6 23.028964134313586 0.055719717105246785 34.37966416750166 0.03309532839084447 34.4127594958925 51.1116212457645 0.053876516023406144
83 36 21.55829893865546 0.04831103621139057 34.4127594958925 0.03118228760328155 34.44394178349578 51.28933145351858 0.046337422557885866
33 21 23.22926206156434 0.05633653184920031 34.44394178349578 0.027824175608183115 34.47176595910396 51.38761777068264 0.0544756626483608
10 9 24.78570045671897 0.06729151346171945 34.47176595910396 0.028234040896037968 34.5 51.43581317130046 0.06554151855968654
52 27 22.78600440825697 0.05331868036695353 34.5 0.030577511754327262 34.56282507482614 51.62208388992898 0.051412237232919385
96 42 21.47380942066103 0.04724859008339914 34.56282507482614 0.025102077039537984 34.587927151865586 51.67963429383309 0.045240395251141416
177 63 22.14600295405755 0.04988953495074898 34.587927151865586 0.02955696498854845 34.617484116854136 51.79949652450923 0.04791958813177717
1 1 22.957642379505412 0.05363458207367828 34.617484116854136 0.04041565595335319 34.65789977280749 51.84395526629581 0.051726360142485
3 3 23.33411234808301 0.05518031815659216 34.65789977280749 0.023330939447677255 34.681230712255164 52.27878351959685 0.05323567065703012
46 26 22.442958822102185 0.05043456608543771 34.681230712255164 0.0287692877448332 34.71 52.382572411566876 0.048411699996901945
