354 69 14.91572022886509 0.06932084702204352 91.5 0.011914774320156996 92.36410309585791 94.66375247151929 0.06913677953751698
913 222 21.63938336786196 0.05689059550158167 92.36410309585791 0.039122985318799715 92.40322608117671 94.75191360398553 0.056819504203321956
660 148 14.07108457306408 0.06737846560962554 92.40322608117671 0.033467315025727466 92.43669339620244 94.90368766752077 0.06713943231392945
908 220 14.011215865878729 0.06708993060781612 92.43669339620244 0.028973825813815107 92.46566722201626 94.82367957869849 0.06686840748563877
516 109 10.597594432380369 0.08001114262799458 92.46566722201626 0.03433277798379594 92.50000000000006 94.93596188165509 0.07953015938288577
498 104 10.426051464039361 0.07940790586248335 92.50000000000006 0.022681947845579743 92.59197523554916 95.08593510709326 0.078890558456656
327 61 19.77253397167987 0.053621907738111194 92.59197523554916 0.044717586697409016 92.63669282224656 95.2318121928911 0.05351569863376855
265 53 17.309213577453505 0.04938040389426693 92.63669282224656 0.030437915898434555 92.66713073814499 95.20165385873192 0.04925116863345379
676 152 10.670575399264742 0.07988002433390237 92.66713073814499 0.04286926185500935 92.71 95.08595161323208 0.0794274826874192
780 177 9.333473739516174 0.09373501868884515 92.71 0.03221120019594846 93.33678466500143 94.9086226376823 0.09341982305782366
684 155 28.116116024956654 0.0354461046026803 93.33678466500143 0.027681914696888993 93.36446657969915 95.0204175066047 0.03543062277805567
793 183 18.13546442155998 0.049956422842169765 93.36446657969915 0.030545064778602544 93.39501164447776 95.20168073324925 0.049894108551096494
348 66 27.677568894812325 0.03497365389960225 93.39501164447776 0.06254207674193651 93.45755372121857 95.32040394628731 0.03495340414317057
740 165 18.21500391580569 0.050008827491775265 93.45755372121857 0.04244627878142976 93.5 95.35168154107355 0.049944046454211036
385 77 10.936359860424837 0.07914843525665351 93.5 0.035734238433715856 93.54330243669996 95.43592392296158 0.07886656846956312
571 120 14.987301912482888 0.06781031268744141 93.54330243669996 0.031012800196291983 93.57431523689625 95.30369829108997 0.06770366062702421
631 143 10.767969346254485 0.07861651849851037 93.57431523689625 0.03493475416360843 93.60924999105987 95.58589787516414 0.07830205407656268
291 56 18.797051501092845 0.05085293009152764 93.60924999105987 0.03994236898704592 93.64919236004691 95.47171433549198 0.05079381991145406
583 126 11.084990729295603 0.07994571287841529 93.64919236004691 0.030984725914865785 93.68017708596177 95.93593028805743 0.07956703793076977
853 206 26.493441814873922 0.03372045180103986 93.68017708596177 0.029822914038224548 93.71 95.80036818629867 0.033693880341312876
766 174 19.480734764955358 0.05120831283480243 93.71 0.0340701767687675 94.36404958915136 95.59172820062535 0.05118265849486094
824 195 11.621717986776329 0.07965475998867483 94.36404958915136 0.02920444233352061 94.39325403148489 95.73593661997455 0.07952471196106659
312 60 11.233791002940674 0.07862419113728522 94.39325403148489 0.04650518106572914 94.43975921255061 95.98589267345395 0.07844257744549792
521 110 11.999730652020734 0.08095219719699066 94.43975921255061 0.03160072653536697 94.47135993908599 95.98596478528907 0.08079995403696492
474 97 14.13777143677896 0.06472211973864198 94.47135993908599 0.028640060914111455 94.5 96.02357400273611 0.06462736983987363
230 42 42.827108466313014 0.014685690056000521 94.5 0.04621236031643371 94.54702985511128 96.1900000000123 0.014682915539577922
174 29 18.22492984075835 0.04912865563799652 94.54702985511128 0.024437533088973944 94.57146738818659 96.25164060834516 0.04907557967818307
751 167 25.447579235190737 0.032250033509436137 94.57146738818659 0.06490496915387384 94.63637235734046 96.68032385819919 0.032223488630730414
801 186 20.536652017971832 0.05304581435301546 94.63637235734046 0.023302551781321672 94.65967490912179 96.82178256902519 0.05297736040080224
680 153 8.71621787448575 0.09044908530411112 94.65967490912179 0.02506145552142286 94.68473636464321 96.70844601530251 0.0898842844651547
822 194 15.999715555163782 0.06928789044908401 94.68473636464321 0.025263635356889188 94.71000000000011 96.74371123659606 0.0691653449589158
361 70 19.53273002638108 0.05046734141132343 94.71000000000011 0.04983253723242373 95.38764048261474 96.55169424952996 0.050444600453361334
255 47 19.713559122423433 0.05067788472289336 95.38764048261474 0.03931502495796391 95.4269555075727 96.46170240153565 0.05065997811567523
143 24 15.523721233558511 0.0668961495480329 95.4269555075727 0.02919154278866671 95.45614705035464 96.74364463531509 0.06684026878717925
408 83 21.290229137766097 0.053308679497113654 95.45614705035464 0.04385294964535896 95.5 96.9417914970968 0.05327968027458831
23 5 6.405649880929752 0.09597984347505417 95.5 0.050682684345578516 95.56962216934895 96.94100803505012 0.09545532641914521
50 9 20.99042370136592 0.05268919980609074 95.56962216934895 0.03374944682880176 95.60337161616054 96.88177193005028 0.05266548553356878
209 39 18.425605884051183 0.0485159082290112 95.60337161616054 0.035779432922115356 95.63915104908266 96.85161317226013 0.04848840593443092
178 32 19.85204845626648 0.05072003550717949 95.63915104908266 0.026763973286916706 95.66591502236957 96.73170233541867 0.05070149972503889
336 64 10.021424655065394 0.0925654535698977 95.66591502236957 0.04408497763041404 95.71 96.82850201774535 0.09242413778494268
790 182 11.715031501553849 0.07691093075652926 95.71 0.03599813273359424 96.36331790346853 96.88581251815195 0.0768907101994078
383 75 21.154651874599715 0.052086901895543644 96.36331790346853 0.035750858721890585 96.39906876219008 97.00175108096776 0.05208159026263992
618 138 3.120873845770574 0.2585249126938654 96.39906876219008 0.03636474709688301 96.43543350928697 97.03732660759542 0.2575526251867913
533 114 8.869845774488581 0.10469128291203766 96.43543350928697 0.02957031574959229 96.46500382503656 97.0113395392672 0.10464056068179561
686 156 12.554238946190608 0.0794059129412458 96.46500382503656 0.034996174963665305 96.50000000000001 97.18588555022589 0.07937603582025488
579 124 16.730983139152123 0.06812752361206262 96.50000000000001 0.026237297284241318 96.55879984416876 97.30367165467706 0.06811139951169093
464 93 15.783286245565753 0.06598748831748229 96.55879984416876 0.03730883022323365 96.596108674392 97.30360555257607 0.06597055708947859
148 26 15.77652445698265 0.06594916183601549 96.596108674392 0.043839922065658954 96.63994859645766 97.38360248649309 0.0659305718377952
891 214 15.132755816407577 0.06464341524723374 96.63994859645766 0.07005140354233574 96.71 97.74354839447753 0.06460482298627943
147 25 28.397792205849196 0.03339576768211612 96.71 0.06943763415445883 97.33 97.56035731629927 0.033395418570564966
262 51 19.868177305349878 0.04919177180514484 97.33 0.03286782933769576 97.36286782933769 97.51163850168982 0.04919135563877907
619 139 21.722387952039835 0.05190101000513318 97.36286782933769 0.04405306076605238 97.40692089010373 97.09174387691866 0.051899610831495434
625 140 12.543596796870084 0.07724587696521007 97.40692089010373 0.025637848184195802 97.43255873828792 96.93582153185011 0.07722896030978658
844 202 16.211936867069333 0.06542581443167281 97.43255873828792 0.041710499306509 97.47426923759443 97.06358928750066 0.06542035639045712
781 178 16.959576472805765 0.0670210046556402 97.47426923759443 0.03013250990568393 97.54 97.18364228769934 0.06701724260012488
453 90 15.992520087268712 0.06489935142246728 97.54 0.03551182508264064 97.57551182508264 97.22356748892801 0.06489534018131628
116 19 22.18014504146941 0.05241294674770585 97.57551182508264 0.05455053107110895 97.63006235615279 97.27175990453955 0.05241119459794448
638 145 5.624437372709504 0.19202409674823184 97.63006235615279 0.054837059079036576 97.68489941523183 97.31438640408949 0.19192073408192006
